#TIME        V_CAPACI  V_WALL    I_TOTAL 
  0.0000E+00  1.1800E+06  0.0000E+00  0.0000E+00
  1.0000E-10  1.1800E+06  3.6512E+03  5.2280E+04
  3.0000E-10  1.1800E+06  7.7362E+03  1.5665E+05
  5.0000E-10  1.1800E+06  1.0512E+04  2.6071E+05
  7.0000E-10  1.1799E+06  1.2730E+04  3.6453E+05
  9.0000E-10  1.1799E+06  1.4622E+04  4.6816E+05
  1.1000E-09  1.1798E+06  1.6298E+04  5.7162E+05
  1.3000E-09  1.1798E+06  1.7816E+04  6.7492E+05
  1.5000E-09  1.1797E+06  1.9212E+04  7.7807E+05
  1.7000E-09  1.1796E+06  2.0512E+04  8.8109E+05
  1.9000E-09  1.1795E+06  2.1732E+04  9.8399E+05
  2.1000E-09  1.1794E+06  2.2885E+04  1.0868E+06
  2.3000E-09  1.1793E+06  2.3980E+04  1.1894E+06
  2.5000E-09  1.1792E+06  2.5026E+04  1.2919E+06
  2.7000E-09  1.1791E+06  2.6027E+04  1.3944E+06
  2.9000E-09  1.1789E+06  2.6990E+04  1.4967E+06
  3.1000E-09  1.1788E+06  2.7918E+04  1.5989E+06
  3.3000E-09  1.1786E+06  2.8814E+04  1.7010E+06
  3.5000E-09  1.1784E+06  2.9682E+04  1.8030E+06
  3.7000E-09  1.1782E+06  3.0524E+04  1.9049E+06
  3.9000E-09  1.1780E+06  3.1341E+04  2.0067E+06
  4.1000E-09  1.1778E+06  3.2137E+04  2.1084E+06
  4.3000E-09  1.1776E+06  3.2911E+04  2.2100E+06
  4.5000E-09  1.1774E+06  3.3667E+04  2.3115E+06
  4.7000E-09  1.1772E+06  3.4405E+04  2.4129E+06
  4.9000E-09  1.1769E+06  3.5126E+04  2.5142E+06
  5.1000E-09  1.1766E+06  3.5832E+04  2.6154E+06
  5.3000E-09  1.1764E+06  3.6522E+04  2.7166E+06
  5.5000E-09  1.1761E+06  3.7199E+04  2.8176E+06
  5.7000E-09  1.1758E+06  3.7863E+04  2.9185E+06
  5.9000E-09  1.1755E+06  3.8514E+04  3.0194E+06
  6.1000E-09  1.1752E+06  3.9153E+04  3.1201E+06
  6.3000E-09  1.1749E+06  3.9781E+04  3.2208E+06
  6.5000E-09  1.1746E+06  4.0398E+04  3.3214E+06
  6.7000E-09  1.1742E+06  4.1006E+04  3.4218E+06
  6.9000E-09  1.1739E+06  4.1603E+04  3.5222E+06
  7.1000E-09  1.1735E+06  4.2191E+04  3.6225E+06
  7.3000E-09  1.1732E+06  4.2770E+04  3.7227E+06
  7.5000E-09  1.1728E+06  4.3340E+04  3.8228E+06
  7.7000E-09  1.1724E+06  4.3903E+04  3.9228E+06
  7.9000E-09  1.1720E+06  4.4457E+04  4.0227E+06
  8.1000E-09  1.1716E+06  4.5003E+04  4.1225E+06
  8.3000E-09  1.1712E+06  4.5543E+04  4.2223E+06
  8.5000E-09  1.1707E+06  4.6075E+04  4.3219E+06
  8.7000E-09  1.1703E+06  4.6600E+04  4.4214E+06
  8.9000E-09  1.1699E+06  4.7119E+04  4.5209E+06
  9.1000E-09  1.1694E+06  4.7632E+04  4.6202E+06
  9.3000E-09  1.1689E+06  4.8138E+04  4.7195E+06
  9.5000E-09  1.1685E+06  4.8638E+04  4.8186E+06
  9.7000E-09  1.1680E+06  4.9133E+04  4.9177E+06
  9.9000E-09  1.1675E+06  4.9622E+04  5.0167E+06
  1.0100E-08  1.1670E+06  5.0105E+04  5.1155E+06
  1.0300E-08  1.1665E+06  5.0584E+04  5.2143E+06
  1.0500E-08  1.1659E+06  5.1057E+04  5.3130E+06
  1.0700E-08  1.1654E+06  5.1525E+04  5.4116E+06
  1.0900E-08  1.1648E+06  5.1988E+04  5.5100E+06
  1.1100E-08  1.1643E+06  5.2447E+04  5.6084E+06
  1.1300E-08  1.1637E+06  5.2901E+04  5.7067E+06
  1.1500E-08  1.1631E+06  5.3351E+04  5.8049E+06
  1.1700E-08  1.1626E+06  5.3796E+04  5.9030E+06
  1.1900E-08  1.1620E+06  5.4237E+04  6.0010E+06
  1.2100E-08  1.1614E+06  5.4675E+04  6.0988E+06
  1.2300E-08  1.1607E+06  5.5108E+04  6.1966E+06
  1.2500E-08  1.1601E+06  5.5537E+04  6.2943E+06
  1.2700E-08  1.1595E+06  5.5962E+04  6.3919E+06
  1.2900E-08  1.1588E+06  5.6384E+04  6.4893E+06
  1.3100E-08  1.1582E+06  5.6802E+04  6.5867E+06
  1.3300E-08  1.1575E+06  5.7216E+04  6.6840E+06
  1.3500E-08  1.1569E+06  5.7627E+04  6.7811E+06
  1.3700E-08  1.1562E+06  5.8035E+04  6.8782E+06
  1.3900E-08  1.1555E+06  5.8439E+04  6.9751E+06
  1.4100E-08  1.1548E+06  5.8840E+04  7.0720E+06
  1.4300E-08  1.1541E+06  5.9238E+04  7.1687E+06
  1.4500E-08  1.1533E+06  5.9633E+04  7.2653E+06
  1.4700E-08  1.1526E+06  6.0025E+04  7.3618E+06
  1.4900E-08  1.1519E+06  6.0413E+04  7.4583E+06
  1.5100E-08  1.1511E+06  6.0799E+04  7.5546E+06
  1.5300E-08  1.1504E+06  6.1182E+04  7.6507E+06
  1.5500E-08  1.1496E+06  6.1563E+04  7.7468E+06
  1.5700E-08  1.1488E+06  6.1940E+04  7.8428E+06
  1.5900E-08  1.1480E+06  6.2315E+04  7.9387E+06
  1.6100E-08  1.1472E+06  6.2687E+04  8.0344E+06
  1.6300E-08  1.1464E+06  6.3057E+04  8.1300E+06
  1.6500E-08  1.1456E+06  6.3424E+04  8.2255E+06
  1.6700E-08  1.1448E+06  6.3789E+04  8.3209E+06
  1.6900E-08  1.1439E+06  6.4151E+04  8.4162E+06
  1.7100E-08  1.1431E+06  6.4511E+04  8.5114E+06
  1.7300E-08  1.1422E+06  6.4868E+04  8.6065E+06
  1.7500E-08  1.1414E+06  6.5224E+04  8.7014E+06
  1.7700E-08  1.1405E+06  6.5577E+04  8.7962E+06
  1.7900E-08  1.1396E+06  6.5927E+04  8.8909E+06
  1.8100E-08  1.1387E+06  6.6276E+04  8.9855E+06
  1.8300E-08  1.1378E+06  6.6622E+04  9.0800E+06
  1.8500E-08  1.1369E+06  6.6967E+04  9.1743E+06
  1.8700E-08  1.1360E+06  6.7309E+04  9.2686E+06
  1.8900E-08  1.1350E+06  6.7649E+04  9.3627E+06
  1.9100E-08  1.1341E+06  6.7988E+04  9.4567E+06
  1.9300E-08  1.1332E+06  6.8324E+04  9.5505E+06
  1.9500E-08  1.1322E+06  6.8658E+04  9.6443E+06
  1.9700E-08  1.1312E+06  6.8991E+04  9.7379E+06
  1.9900E-08  1.1302E+06  6.9321E+04  9.8314E+06
  2.0100E-08  1.1293E+06  6.9650E+04  9.9247E+06
  2.0300E-08  1.1283E+06  6.9977E+04  1.0018E+07
  2.0500E-08  1.1273E+06  7.0303E+04  1.0111E+07
  2.0700E-08  1.1262E+06  7.0626E+04  1.0204E+07
  2.0900E-08  1.1252E+06  7.0948E+04  1.0297E+07
  2.1100E-08  1.1242E+06  7.1268E+04  1.0390E+07
  2.1300E-08  1.1231E+06  7.1586E+04  1.0482E+07
  2.1500E-08  1.1221E+06  7.1903E+04  1.0575E+07
  2.1700E-08  1.1210E+06  7.2218E+04  1.0667E+07
  2.1900E-08  1.1199E+06  7.2532E+04  1.0759E+07
  2.2100E-08  1.1189E+06  7.2844E+04  1.0851E+07
  2.2300E-08  1.1178E+06  7.3154E+04  1.0943E+07
  2.2500E-08  1.1167E+06  7.3463E+04  1.1035E+07
  2.2700E-08  1.1156E+06  7.3771E+04  1.1127E+07
  2.2900E-08  1.1145E+06  7.4077E+04  1.1218E+07
  2.3100E-08  1.1133E+06  7.4381E+04  1.1310E+07
  2.3300E-08  1.1122E+06  7.4684E+04  1.1401E+07
  2.3500E-08  1.1110E+06  7.4986E+04  1.1492E+07
  2.3700E-08  1.1099E+06  7.5286E+04  1.1583E+07
  2.3900E-08  1.1087E+06  7.5585E+04  1.1674E+07
  2.4100E-08  1.1076E+06  7.5883E+04  1.1765E+07
  2.4300E-08  1.1064E+06  7.6179E+04  1.1855E+07
  2.4500E-08  1.1052E+06  7.6474E+04  1.1946E+07
  2.4700E-08  1.1040E+06  7.6767E+04  1.2036E+07
  2.4900E-08  1.1028E+06  7.7060E+04  1.2126E+07
  2.5100E-08  1.1016E+06  7.7351E+04  1.2216E+07
  2.5300E-08  1.1003E+06  7.7641E+04  1.2306E+07
  2.5500E-08  1.0991E+06  7.7929E+04  1.2396E+07
  2.5700E-08  1.0979E+06  7.8217E+04  1.2486E+07
  2.5900E-08  1.0966E+06  7.8503E+04  1.2575E+07
  2.6100E-08  1.0953E+06  7.8788E+04  1.2664E+07
  2.6300E-08  1.0941E+06  7.9072E+04  1.2753E+07
  2.6500E-08  1.0928E+06  7.9355E+04  1.2842E+07
  2.6700E-08  1.0915E+06  7.9636E+04  1.2931E+07
  2.6900E-08  1.0902E+06  7.9917E+04  1.3020E+07
  2.7100E-08  1.0889E+06  8.0196E+04  1.3109E+07
  2.7300E-08  1.0876E+06  8.0475E+04  1.3197E+07
  2.7500E-08  1.0863E+06  8.0752E+04  1.3285E+07
  2.7700E-08  1.0849E+06  8.1028E+04  1.3373E+07
  2.7900E-08  1.0836E+06  8.1303E+04  1.3461E+07
  2.8100E-08  1.0822E+06  8.1577E+04  1.3549E+07
  2.8300E-08  1.0809E+06  8.1850E+04  1.3637E+07
  2.8500E-08  1.0795E+06  8.2122E+04  1.3724E+07
  2.8700E-08  1.0781E+06  8.2393E+04  1.3812E+07
  2.8900E-08  1.0767E+06  8.2663E+04  1.3899E+07
  2.9100E-08  1.0754E+06  8.2932E+04  1.3986E+07
  2.9300E-08  1.0739E+06  8.3200E+04  1.4073E+07
  2.9500E-08  1.0725E+06  8.3468E+04  1.4160E+07
  2.9700E-08  1.0711E+06  8.3734E+04  1.4246E+07
  2.9900E-08  1.0697E+06  8.3999E+04  1.4333E+07
  3.0100E-08  1.0682E+06  8.4263E+04  1.4419E+07
  3.0300E-08  1.0668E+06  8.4527E+04  1.4505E+07
  3.0500E-08  1.0653E+06  8.4789E+04  1.4591E+07
  3.0700E-08  1.0639E+06  8.5051E+04  1.4677E+07
  3.0900E-08  1.0624E+06  8.5312E+04  1.4762E+07
  3.1100E-08  1.0609E+06  8.5572E+04  1.4848E+07
  3.1300E-08  1.0594E+06  8.5831E+04  1.4933E+07
  3.1500E-08  1.0579E+06  8.6089E+04  1.5018E+07
  3.1700E-08  1.0564E+06  8.6346E+04  1.5103E+07
  3.1900E-08  1.0549E+06  8.6602E+04  1.5188E+07
  3.2100E-08  1.0534E+06  8.6858E+04  1.5273E+07
  3.2300E-08  1.0519E+06  8.7113E+04  1.5357E+07
  3.2500E-08  1.0503E+06  8.7367E+04  1.5441E+07
  3.2700E-08  1.0488E+06  8.7620E+04  1.5526E+07
  3.2900E-08  1.0472E+06  8.7872E+04  1.5610E+07
  3.3100E-08  1.0457E+06  8.8124E+04  1.5693E+07
  3.3300E-08  1.0441E+06  8.8375E+04  1.5777E+07
  3.3500E-08  1.0425E+06  8.8625E+04  1.5860E+07
  3.3700E-08  1.0409E+06  8.8874E+04  1.5944E+07
  3.3900E-08  1.0393E+06  8.9123E+04  1.6027E+07
  3.4100E-08  1.0377E+06  8.9370E+04  1.6110E+07
  3.4300E-08  1.0361E+06  8.9617E+04  1.6193E+07
  3.4500E-08  1.0345E+06  8.9864E+04  1.6275E+07
  3.4700E-08  1.0328E+06  9.0109E+04  1.6358E+07
  3.4900E-08  1.0312E+06  9.0354E+04  1.6440E+07
  3.5100E-08  1.0296E+06  9.0598E+04  1.6522E+07
  3.5300E-08  1.0279E+06  9.0841E+04  1.6604E+07
  3.5500E-08  1.0262E+06  9.1084E+04  1.6686E+07
  3.5700E-08  1.0246E+06  9.1326E+04  1.6767E+07
  3.5900E-08  1.0229E+06  9.1567E+04  1.6849E+07
  3.6100E-08  1.0212E+06  9.1808E+04  1.6930E+07
  3.6300E-08  1.0195E+06  9.2048E+04  1.7011E+07
  3.6500E-08  1.0178E+06  9.2287E+04  1.7092E+07
  3.6700E-08  1.0161E+06  9.2525E+04  1.7172E+07
  3.6900E-08  1.0144E+06  9.2763E+04  1.7253E+07
  3.7100E-08  1.0126E+06  9.3000E+04  1.7333E+07
  3.7300E-08  1.0109E+06  9.3237E+04  1.7413E+07
  3.7500E-08  1.0091E+06  9.3472E+04  1.7493E+07
  3.7700E-08  1.0074E+06  9.3708E+04  1.7573E+07
  3.7900E-08  1.0056E+06  9.3942E+04  1.7652E+07
  3.8100E-08  1.0039E+06  9.4176E+04  1.7732E+07
  3.8300E-08  1.0021E+06  9.4409E+04  1.7811E+07
  3.8500E-08  1.0003E+06  9.4642E+04  1.7890E+07
  3.8700E-08  9.9850E+05  9.4873E+04  1.7969E+07
  3.8900E-08  9.9670E+05  9.5105E+04  1.8047E+07
  3.9100E-08  9.9489E+05  9.5335E+04  1.8126E+07
  3.9300E-08  9.9308E+05  9.5565E+04  1.8204E+07
  3.9500E-08  9.9125E+05  9.5795E+04  1.8282E+07
  3.9700E-08  9.8942E+05  9.6023E+04  1.8360E+07
  3.9900E-08  9.8758E+05  9.6251E+04  1.8438E+07
  4.0100E-08  9.8573E+05  9.6479E+04  1.8515E+07
  4.0300E-08  9.8388E+05  9.6706E+04  1.8592E+07
  4.0500E-08  9.8201E+05  9.6932E+04  1.8670E+07
  4.0700E-08  9.8014E+05  9.7158E+04  1.8747E+07
  4.0900E-08  9.7826E+05  9.7383E+04  1.8823E+07
  4.1100E-08  9.7638E+05  9.7607E+04  1.8900E+07
  4.1300E-08  9.7448E+05  9.7831E+04  1.8976E+07
  4.1500E-08  9.7258E+05  9.8054E+04  1.9052E+07
  4.1700E-08  9.7067E+05  9.8277E+04  1.9128E+07
  4.1900E-08  9.6876E+05  9.8499E+04  1.9204E+07
  4.2100E-08  9.6683E+05  9.8720E+04  1.9279E+07
  4.2300E-08  9.6490E+05  9.8941E+04  1.9355E+07
  4.2500E-08  9.6296E+05  9.9161E+04  1.9430E+07
  4.2700E-08  9.6101E+05  9.9381E+04  1.9505E+07
  4.2900E-08  9.5906E+05  9.9600E+04  1.9580E+07
  4.3100E-08  9.5710E+05  9.9819E+04  1.9654E+07
  4.3300E-08  9.5513E+05  1.0004E+05  1.9729E+07
  4.3500E-08  9.5315E+05  1.0025E+05  1.9803E+07
  4.3700E-08  9.5117E+05  1.0047E+05  1.9877E+07
  4.3900E-08  9.4918E+05  1.0069E+05  1.9950E+07
  4.4100E-08  9.4718E+05  1.0090E+05  2.0024E+07
  4.4300E-08  9.4517E+05  1.0112E+05  2.0097E+07
  4.4500E-08  9.4316E+05  1.0133E+05  2.0170E+07
  4.4700E-08  9.4114E+05  1.0155E+05  2.0243E+07
  4.4900E-08  9.3911E+05  1.0176E+05  2.0316E+07
  4.5100E-08  9.3708E+05  1.0197E+05  2.0389E+07
  4.5300E-08  9.3503E+05  1.0218E+05  2.0461E+07
  4.5500E-08  9.3298E+05  1.0239E+05  2.0533E+07
  4.5700E-08  9.3093E+05  1.0261E+05  2.0605E+07
  4.5900E-08  9.2886E+05  1.0282E+05  2.0677E+07
  4.6100E-08  9.2679E+05  1.0303E+05  2.0748E+07
  4.6300E-08  9.2471E+05  1.0323E+05  2.0819E+07
  4.6500E-08  9.2263E+05  1.0344E+05  2.0890E+07
  4.6700E-08  9.2054E+05  1.0365E+05  2.0961E+07
  4.6900E-08  9.1844E+05  1.0386E+05  2.1032E+07
  4.7100E-08  9.1633E+05  1.0407E+05  2.1102E+07
  4.7300E-08  9.1422E+05  1.0427E+05  2.1173E+07
  4.7500E-08  9.1209E+05  1.0448E+05  2.1243E+07
  4.7700E-08  9.0997E+05  1.0468E+05  2.1312E+07
  4.7900E-08  9.0783E+05  1.0489E+05  2.1382E+07
  4.8100E-08  9.0569E+05  1.0509E+05  2.1451E+07
  4.8300E-08  9.0354E+05  1.0529E+05  2.1520E+07
  4.8500E-08  9.0139E+05  1.0550E+05  2.1589E+07
  4.8700E-08  8.9922E+05  1.0570E+05  2.1658E+07
  4.8900E-08  8.9705E+05  1.0590E+05  2.1727E+07
  4.9100E-08  8.9488E+05  1.0610E+05  2.1795E+07
  4.9300E-08  8.9270E+05  1.0630E+05  2.1863E+07
  4.9500E-08  8.9051E+05  1.0650E+05  2.1931E+07
  4.9700E-08  8.8831E+05  1.0670E+05  2.1998E+07
  4.9900E-08  8.8611E+05  1.0690E+05  2.2066E+07
  5.0100E-08  8.8390E+05  1.0710E+05  2.2133E+07
  5.0300E-08  8.8168E+05  1.0729E+05  2.2200E+07
  5.0500E-08  8.7946E+05  1.0749E+05  2.2267E+07
  5.0700E-08  8.7723E+05  1.0769E+05  2.2333E+07
  5.0900E-08  8.7499E+05  1.0788E+05  2.2400E+07
  5.1100E-08  8.7275E+05  1.0808E+05  2.2466E+07
  5.1300E-08  8.7050E+05  1.0827E+05  2.2532E+07
  5.1500E-08  8.6824E+05  1.0847E+05  2.2597E+07
  5.1700E-08  8.6598E+05  1.0866E+05  2.2663E+07
  5.1900E-08  8.6371E+05  1.0885E+05  2.2728E+07
  5.2100E-08  8.6143E+05  1.0904E+05  2.2793E+07
  5.2300E-08  8.5915E+05  1.0923E+05  2.2857E+07
  5.2500E-08  8.5686E+05  1.0942E+05  2.2922E+07
  5.2700E-08  8.5456E+05  1.0962E+05  2.2986E+07
  5.2900E-08  8.5226E+05  1.0980E+05  2.3050E+07
  5.3100E-08  8.4995E+05  1.0999E+05  2.3114E+07
  5.3300E-08  8.4764E+05  1.1018E+05  2.3178E+07
  5.3500E-08  8.4532E+05  1.1037E+05  2.3241E+07
  5.3700E-08  8.4299E+05  1.1056E+05  2.3304E+07
  5.3900E-08  8.4066E+05  1.1074E+05  2.3367E+07
  5.4100E-08  8.3832E+05  1.1093E+05  2.3430E+07
  5.4300E-08  8.3597E+05  1.1111E+05  2.3492E+07
  5.4500E-08  8.3362E+05  1.1130E+05  2.3555E+07
  5.4700E-08  8.3126E+05  1.1148E+05  2.3617E+07
  5.4900E-08  8.2890E+05  1.1166E+05  2.3678E+07
  5.5100E-08  8.2653E+05  1.1185E+05  2.3740E+07
  5.5300E-08  8.2415E+05  1.1203E+05  2.3801E+07
  5.5500E-08  8.2177E+05  1.1221E+05  2.3862E+07
  5.5700E-08  8.1938E+05  1.1239E+05  2.3923E+07
  5.5900E-08  8.1698E+05  1.1257E+05  2.3984E+07
  5.6100E-08  8.1458E+05  1.1275E+05  2.4044E+07
  5.6300E-08  8.1217E+05  1.1293E+05  2.4104E+07
  5.6500E-08  8.0976E+05  1.1310E+05  2.4164E+07
  5.6700E-08  8.0734E+05  1.1328E+05  2.4224E+07
  5.6900E-08  8.0491E+05  1.1346E+05  2.4283E+07
  5.7100E-08  8.0248E+05  1.1363E+05  2.4342E+07
  5.7300E-08  8.0005E+05  1.1381E+05  2.4401E+07
  5.7500E-08  7.9760E+05  1.1398E+05  2.4460E+07
  5.7700E-08  7.9515E+05  1.1415E+05  2.4518E+07
  5.7900E-08  7.9270E+05  1.1433E+05  2.4577E+07
  5.8100E-08  7.9024E+05  1.1450E+05  2.4635E+07
  5.8300E-08  7.8777E+05  1.1467E+05  2.4692E+07
  5.8500E-08  7.8530E+05  1.1484E+05  2.4750E+07
  5.8700E-08  7.8282E+05  1.1501E+05  2.4807E+07
  5.8900E-08  7.8034E+05  1.1518E+05  2.4864E+07
  5.9100E-08  7.7785E+05  1.1535E+05  2.4921E+07
  5.9300E-08  7.7535E+05  1.1552E+05  2.4978E+07
  5.9500E-08  7.7285E+05  1.1568E+05  2.5034E+07
  5.9700E-08  7.7035E+05  1.1585E+05  2.5090E+07
  5.9900E-08  7.6784E+05  1.1602E+05  2.5146E+07
  6.0100E-08  7.6532E+05  1.1618E+05  2.5201E+07
  6.0300E-08  7.6280E+05  1.1634E+05  2.5257E+07
  6.0500E-08  7.6027E+05  1.1651E+05  2.5312E+07
  6.0700E-08  7.5773E+05  1.1667E+05  2.5367E+07
  6.0900E-08  7.5519E+05  1.1683E+05  2.5421E+07
  6.1100E-08  7.5265E+05  1.1699E+05  2.5476E+07
  6.1300E-08  7.5010E+05  1.1715E+05  2.5530E+07
  6.1500E-08  7.4754E+05  1.1731E+05  2.5584E+07
  6.1700E-08  7.4498E+05  1.1747E+05  2.5637E+07
  6.1900E-08  7.4242E+05  1.1763E+05  2.5691E+07
  6.2100E-08  7.3984E+05  1.1779E+05  2.5744E+07
  6.2300E-08  7.3727E+05  1.1794E+05  2.5797E+07
  6.2500E-08  7.3468E+05  1.1810E+05  2.5849E+07
  6.2700E-08  7.3210E+05  1.1825E+05  2.5902E+07
  6.2900E-08  7.2950E+05  1.1841E+05  2.5954E+07
  6.3100E-08  7.2691E+05  1.1856E+05  2.6006E+07
  6.3300E-08  7.2430E+05  1.1871E+05  2.6057E+07
  6.3500E-08  7.2169E+05  1.1886E+05  2.6109E+07
  6.3700E-08  7.1908E+05  1.1902E+05  2.6160E+07
  6.3900E-08  7.1646E+05  1.1916E+05  2.6211E+07
  6.4100E-08  7.1384E+05  1.1931E+05  2.6261E+07
  6.4300E-08  7.1121E+05  1.1946E+05  2.6312E+07
  6.4500E-08  7.0858E+05  1.1961E+05  2.6362E+07
  6.4700E-08  7.0594E+05  1.1976E+05  2.6412E+07
  6.4900E-08  7.0329E+05  1.1990E+05  2.6461E+07
  6.5100E-08  7.0065E+05  1.2005E+05  2.6511E+07
  6.5300E-08  6.9799E+05  1.2019E+05  2.6560E+07
  6.5500E-08  6.9533E+05  1.2033E+05  2.6609E+07
  6.5700E-08  6.9267E+05  1.2048E+05  2.6657E+07
  6.5900E-08  6.9000E+05  1.2062E+05  2.6706E+07
  6.6100E-08  6.8733E+05  1.2076E+05  2.6754E+07
  6.6300E-08  6.8465E+05  1.2090E+05  2.6802E+07
  6.6500E-08  6.8197E+05  1.2104E+05  2.6849E+07
  6.6700E-08  6.7928E+05  1.2117E+05  2.6897E+07
  6.6900E-08  6.7659E+05  1.2131E+05  2.6944E+07
  6.7100E-08  6.7389E+05  1.2145E+05  2.6991E+07
  6.7300E-08  6.7119E+05  1.2158E+05  2.7037E+07
  6.7500E-08  6.6849E+05  1.2172E+05  2.7083E+07
  6.7700E-08  6.6578E+05  1.2185E+05  2.7129E+07
  6.7900E-08  6.6306E+05  1.2198E+05  2.7175E+07
  6.8100E-08  6.6034E+05  1.2211E+05  2.7221E+07
  6.8300E-08  6.5762E+05  1.2224E+05  2.7266E+07
  6.8500E-08  6.5489E+05  1.2237E+05  2.7311E+07
  6.8700E-08  6.5215E+05  1.2250E+05  2.7356E+07
  6.8900E-08  6.4942E+05  1.2263E+05  2.7400E+07
  6.9100E-08  6.4667E+05  1.2276E+05  2.7445E+07
  6.9300E-08  6.4393E+05  1.2288E+05  2.7489E+07
  6.9500E-08  6.4118E+05  1.2301E+05  2.7532E+07
  6.9700E-08  6.3842E+05  1.2313E+05  2.7576E+07
  6.9900E-08  6.3566E+05  1.2325E+05  2.7619E+07
  7.0100E-08  6.3290E+05  1.2338E+05  2.7662E+07
  7.0300E-08  6.3013E+05  1.2350E+05  2.7705E+07
  7.0500E-08  6.2736E+05  1.2362E+05  2.7747E+07
  7.0700E-08  6.2458E+05  1.2374E+05  2.7789E+07
  7.0900E-08  6.2180E+05  1.2386E+05  2.7831E+07
  7.1100E-08  6.1901E+05  1.2397E+05  2.7873E+07
  7.1300E-08  6.1622E+05  1.2409E+05  2.7914E+07
  7.1500E-08  6.1343E+05  1.2420E+05  2.7955E+07
  7.1700E-08  6.1063E+05  1.2432E+05  2.7996E+07
  7.1900E-08  6.0783E+05  1.2443E+05  2.8037E+07
  7.2100E-08  6.0502E+05  1.2454E+05  2.8077E+07
  7.2300E-08  6.0221E+05  1.2465E+05  2.8117E+07
  7.2500E-08  5.9940E+05  1.2476E+05  2.8157E+07
  7.2700E-08  5.9658E+05  1.2487E+05  2.8197E+07
  7.2900E-08  5.9376E+05  1.2498E+05  2.8236E+07
  7.3100E-08  5.9094E+05  1.2509E+05  2.8275E+07
  7.3300E-08  5.8811E+05  1.2519E+05  2.8314E+07
  7.3500E-08  5.8527E+05  1.2530E+05  2.8352E+07
  7.3700E-08  5.8244E+05  1.2540E+05  2.8391E+07
  7.3900E-08  5.7960E+05  1.2550E+05  2.8429E+07
  7.4100E-08  5.7675E+05  1.2561E+05  2.8466E+07
  7.4300E-08  5.7390E+05  1.2571E+05  2.8504E+07
  7.4500E-08  5.7105E+05  1.2581E+05  2.8541E+07
  7.4700E-08  5.6819E+05  1.2591E+05  2.8578E+07
  7.4900E-08  5.6533E+05  1.2600E+05  2.8614E+07
  7.5100E-08  5.6247E+05  1.2610E+05  2.8651E+07
  7.5300E-08  5.5960E+05  1.2619E+05  2.8687E+07
  7.5500E-08  5.5673E+05  1.2629E+05  2.8723E+07
  7.5700E-08  5.5386E+05  1.2638E+05  2.8758E+07
  7.5900E-08  5.5098E+05  1.2647E+05  2.8794E+07
  7.6100E-08  5.4810E+05  1.2656E+05  2.8829E+07
  7.6300E-08  5.4522E+05  1.2665E+05  2.8863E+07
  7.6500E-08  5.4233E+05  1.2674E+05  2.8898E+07
  7.6700E-08  5.3944E+05  1.2683E+05  2.8932E+07
  7.6900E-08  5.3654E+05  1.2692E+05  2.8966E+07
  7.7100E-08  5.3364E+05  1.2700E+05  2.9000E+07
  7.7300E-08  5.3074E+05  1.2708E+05  2.9033E+07
  7.7500E-08  5.2784E+05  1.2717E+05  2.9066E+07
  7.7700E-08  5.2493E+05  1.2725E+05  2.9099E+07
  7.7900E-08  5.2202E+05  1.2733E+05  2.9132E+07
  7.8100E-08  5.1910E+05  1.2741E+05  2.9164E+07
  7.8300E-08  5.1618E+05  1.2749E+05  2.9196E+07
  7.8500E-08  5.1326E+05  1.2756E+05  2.9228E+07
  7.8700E-08  5.1034E+05  1.2764E+05  2.9260E+07
  7.8900E-08  5.0741E+05  1.2771E+05  2.9291E+07
  7.9100E-08  5.0448E+05  1.2779E+05  2.9322E+07
  7.9300E-08  5.0155E+05  1.2786E+05  2.9353E+07
  7.9500E-08  4.9861E+05  1.2793E+05  2.9383E+07
  7.9700E-08  4.9567E+05  1.2800E+05  2.9413E+07
  7.9900E-08  4.9273E+05  1.2807E+05  2.9443E+07
  8.0100E-08  4.8978E+05  1.2814E+05  2.9473E+07
  8.0300E-08  4.8683E+05  1.2820E+05  2.9502E+07
  8.0500E-08  4.8388E+05  1.2827E+05  2.9532E+07
  8.0700E-08  4.8093E+05  1.2833E+05  2.9560E+07
  8.0900E-08  4.7797E+05  1.2840E+05  2.9589E+07
  8.1100E-08  4.7501E+05  1.2846E+05  2.9617E+07
  8.1300E-08  4.7205E+05  1.2852E+05  2.9645E+07
  8.1500E-08  4.6908E+05  1.2858E+05  2.9673E+07
  8.1700E-08  4.6611E+05  1.2864E+05  2.9701E+07
  8.1900E-08  4.6314E+05  1.2869E+05  2.9728E+07
  8.2100E-08  4.6017E+05  1.2875E+05  2.9755E+07
  8.2300E-08  4.5719E+05  1.2880E+05  2.9781E+07
  8.2500E-08  4.5421E+05  1.2886E+05  2.9808E+07
  8.2700E-08  4.5123E+05  1.2891E+05  2.9834E+07
  8.2900E-08  4.4824E+05  1.2896E+05  2.9860E+07
  8.3100E-08  4.4526E+05  1.2901E+05  2.9885E+07
  8.3300E-08  4.4227E+05  1.2905E+05  2.9911E+07
  8.3500E-08  4.3927E+05  1.2910E+05  2.9936E+07
  8.3700E-08  4.3628E+05  1.2915E+05  2.9960E+07
  8.3900E-08  4.3328E+05  1.2919E+05  2.9985E+07
  8.4100E-08  4.3028E+05  1.2923E+05  3.0009E+07
  8.4300E-08  4.2728E+05  1.2928E+05  3.0033E+07
  8.4500E-08  4.2427E+05  1.2932E+05  3.0057E+07
  8.4700E-08  4.2127E+05  1.2936E+05  3.0080E+07
  8.4900E-08  4.1826E+05  1.2939E+05  3.0103E+07
  8.5100E-08  4.1525E+05  1.2943E+05  3.0126E+07
  8.5300E-08  4.1223E+05  1.2946E+05  3.0149E+07
  8.5500E-08  4.0922E+05  1.2950E+05  3.0171E+07
  8.5700E-08  4.0620E+05  1.2953E+05  3.0193E+07
  8.5900E-08  4.0318E+05  1.2956E+05  3.0215E+07
  8.6100E-08  4.0016E+05  1.2959E+05  3.0236E+07
  8.6300E-08  3.9713E+05  1.2962E+05  3.0258E+07
  8.6500E-08  3.9410E+05  1.2965E+05  3.0279E+07
  8.6700E-08  3.9108E+05  1.2967E+05  3.0299E+07
  8.6900E-08  3.8805E+05  1.2970E+05  3.0320E+07
  8.7100E-08  3.8501E+05  1.2972E+05  3.0340E+07
  8.7300E-08  3.8198E+05  1.2974E+05  3.0360E+07
  8.7500E-08  3.7894E+05  1.2977E+05  3.0379E+07
  8.7700E-08  3.7590E+05  1.2979E+05  3.0399E+07
  8.7900E-08  3.7286E+05  1.2980E+05  3.0418E+07
  8.8100E-08  3.6982E+05  1.2982E+05  3.0436E+07
  8.8300E-08  3.6677E+05  1.2984E+05  3.0455E+07
  8.8500E-08  3.6373E+05  1.2985E+05  3.0473E+07
  8.8700E-08  3.6068E+05  1.2986E+05  3.0491E+07
  8.8900E-08  3.5763E+05  1.2987E+05  3.0509E+07
  8.9100E-08  3.5458E+05  1.2988E+05  3.0526E+07
  8.9300E-08  3.5152E+05  1.2989E+05  3.0543E+07
  8.9500E-08  3.4847E+05  1.2990E+05  3.0560E+07
  8.9700E-08  3.4541E+05  1.2991E+05  3.0577E+07
  8.9900E-08  3.4235E+05  1.2991E+05  3.0593E+07
  9.0100E-08  3.3929E+05  1.2991E+05  3.0609E+07
  9.0300E-08  3.3623E+05  1.2992E+05  3.0625E+07
  9.0500E-08  3.3317E+05  1.2992E+05  3.0640E+07
  9.0700E-08  3.3010E+05  1.2992E+05  3.0655E+07
  9.0900E-08  3.2704E+05  1.2991E+05  3.0670E+07
  9.1100E-08  3.2397E+05  1.2991E+05  3.0685E+07
  9.1300E-08  3.2090E+05  1.2991E+05  3.0699E+07
  9.1500E-08  3.1783E+05  1.2990E+05  3.0713E+07
  9.1700E-08  3.1476E+05  1.2989E+05  3.0727E+07
  9.1900E-08  3.1168E+05  1.2988E+05  3.0741E+07
  9.2100E-08  3.0861E+05  1.2987E+05  3.0754E+07
  9.2300E-08  3.0553E+05  1.2986E+05  3.0767E+07
  9.2500E-08  3.0246E+05  1.2985E+05  3.0780E+07
  9.2700E-08  2.9938E+05  1.2983E+05  3.0792E+07
  9.2900E-08  2.9630E+05  1.2982E+05  3.0805E+07
  9.3100E-08  2.9322E+05  1.2980E+05  3.0816E+07
  9.3300E-08  2.9013E+05  1.2978E+05  3.0828E+07
  9.3500E-08  2.8705E+05  1.2976E+05  3.0840E+07
  9.3700E-08  2.8397E+05  1.2974E+05  3.0851E+07
  9.3900E-08  2.8088E+05  1.2972E+05  3.0861E+07
  9.4100E-08  2.7779E+05  1.2969E+05  3.0872E+07
  9.4300E-08  2.7471E+05  1.2967E+05  3.0882E+07
  9.4500E-08  2.7162E+05  1.2964E+05  3.0892E+07
  9.4700E-08  2.6853E+05  1.2961E+05  3.0902E+07
  9.4900E-08  2.6544E+05  1.2958E+05  3.0911E+07
  9.5100E-08  2.6235E+05  1.2955E+05  3.0921E+07
  9.5300E-08  2.5925E+05  1.2952E+05  3.0930E+07
  9.5500E-08  2.5616E+05  1.2949E+05  3.0938E+07
  9.5700E-08  2.5307E+05  1.2945E+05  3.0947E+07
  9.5900E-08  2.4997E+05  1.2941E+05  3.0955E+07
  9.6100E-08  2.4687E+05  1.2938E+05  3.0963E+07
  9.6300E-08  2.4378E+05  1.2934E+05  3.0970E+07
  9.6500E-08  2.4068E+05  1.2930E+05  3.0977E+07
  9.6700E-08  2.3758E+05  1.2925E+05  3.0984E+07
  9.6900E-08  2.3448E+05  1.2921E+05  3.0991E+07
  9.7100E-08  2.3138E+05  1.2916E+05  3.0998E+07
  9.7300E-08  2.2828E+05  1.2912E+05  3.1004E+07
  9.7500E-08  2.2518E+05  1.2907E+05  3.1010E+07
  9.7700E-08  2.2208E+05  1.2902E+05  3.1015E+07
  9.7900E-08  2.1898E+05  1.2897E+05  3.1021E+07
  9.8100E-08  2.1588E+05  1.2892E+05  3.1026E+07
  9.8300E-08  2.1277E+05  1.2886E+05  3.1031E+07
  9.8500E-08  2.0967E+05  1.2881E+05  3.1035E+07
  9.8700E-08  2.0657E+05  1.2875E+05  3.1039E+07
  9.8900E-08  2.0346E+05  1.2870E+05  3.1044E+07
  9.9100E-08  2.0036E+05  1.2864E+05  3.1047E+07
  9.9300E-08  1.9725E+05  1.2858E+05  3.1051E+07
  9.9500E-08  1.9415E+05  1.2851E+05  3.1054E+07
  9.9700E-08  1.9104E+05  1.2845E+05  3.1057E+07
  9.9900E-08  1.8794E+05  1.2839E+05  3.1060E+07
  1.0010E-07  1.8483E+05  1.2832E+05  3.1062E+07
  1.0030E-07  1.8173E+05  1.2825E+05  3.1064E+07
  1.0050E-07  1.7862E+05  1.2818E+05  3.1066E+07
  1.0070E-07  1.7551E+05  1.2811E+05  3.1067E+07
  1.0090E-07  1.7241E+05  1.2804E+05  3.1069E+07
  1.0110E-07  1.6930E+05  1.2797E+05  3.1070E+07
  1.0130E-07  1.6619E+05  1.2789E+05  3.1071E+07
  1.0150E-07  1.6308E+05  1.2782E+05  3.1071E+07
  1.0170E-07  1.5998E+05  1.2774E+05  3.1071E+07
  1.0190E-07  1.5687E+05  1.2766E+05  3.1071E+07
  1.0210E-07  1.5376E+05  1.2758E+05  3.1071E+07
  1.0230E-07  1.5066E+05  1.2750E+05  3.1070E+07
  1.0250E-07  1.4755E+05  1.2742E+05  3.1070E+07
  1.0270E-07  1.4444E+05  1.2733E+05  3.1068E+07
  1.0290E-07  1.4134E+05  1.2725E+05  3.1067E+07
  1.0310E-07  1.3823E+05  1.2716E+05  3.1065E+07
  1.0330E-07  1.3512E+05  1.2707E+05  3.1064E+07
  1.0350E-07  1.3202E+05  1.2698E+05  3.1061E+07
  1.0370E-07  1.2891E+05  1.2689E+05  3.1059E+07
  1.0390E-07  1.2580E+05  1.2680E+05  3.1056E+07
  1.0410E-07  1.2270E+05  1.2670E+05  3.1053E+07
  1.0430E-07  1.1959E+05  1.2661E+05  3.1050E+07
  1.0450E-07  1.1649E+05  1.2651E+05  3.1046E+07
  1.0470E-07  1.1338E+05  1.2641E+05  3.1043E+07
  1.0490E-07  1.1028E+05  1.2631E+05  3.1039E+07
  1.0510E-07  1.0718E+05  1.2621E+05  3.1034E+07
  1.0530E-07  1.0407E+05  1.2611E+05  3.1030E+07
  1.0550E-07  1.0097E+05  1.2600E+05  3.1025E+07
  1.0570E-07  9.7868E+04  1.2590E+05  3.1020E+07
  1.0590E-07  9.4767E+04  1.2579E+05  3.1014E+07
  1.0610E-07  9.1666E+04  1.2568E+05  3.1009E+07
  1.0630E-07  8.8565E+04  1.2558E+05  3.1003E+07
  1.0650E-07  8.5465E+04  1.2546E+05  3.0997E+07
  1.0670E-07  8.2366E+04  1.2535E+05  3.0990E+07
  1.0690E-07  7.9267E+04  1.2524E+05  3.0983E+07
  1.0710E-07  7.6169E+04  1.2512E+05  3.0976E+07
  1.0730E-07  7.3072E+04  1.2501E+05  3.0969E+07
  1.0750E-07  6.9975E+04  1.2489E+05  3.0962E+07
  1.0770E-07  6.6879E+04  1.2477E+05  3.0954E+07
  1.0790E-07  6.3784E+04  1.2465E+05  3.0946E+07
  1.0810E-07  6.0690E+04  1.2453E+05  3.0938E+07
  1.0830E-07  5.7597E+04  1.2441E+05  3.0929E+07
  1.0850E-07  5.4504E+04  1.2428E+05  3.0920E+07
  1.0870E-07  5.1413E+04  1.2416E+05  3.0911E+07
  1.0890E-07  4.8322E+04  1.2403E+05  3.0902E+07
  1.0910E-07  4.5232E+04  1.2390E+05  3.0892E+07
  1.0930E-07  4.2144E+04  1.2377E+05  3.0882E+07
  1.0950E-07  3.9056E+04  1.2364E+05  3.0872E+07
  1.0970E-07  3.5969E+04  1.2351E+05  3.0862E+07
  1.0990E-07  3.2884E+04  1.2338E+05  3.0851E+07
  1.1010E-07  2.9799E+04  1.2324E+05  3.0840E+07
  1.1030E-07  2.6716E+04  1.2311E+05  3.0829E+07
  1.1050E-07  2.3633E+04  1.2297E+05  3.0818E+07
  1.1070E-07  2.0552E+04  1.2283E+05  3.0806E+07
  1.1090E-07  1.7472E+04  1.2269E+05  3.0794E+07
  1.1110E-07  1.4393E+04  1.2255E+05  3.0782E+07
  1.1130E-07  1.1316E+04  1.2241E+05  3.0769E+07
  1.1150E-07  8.2395E+03  1.2226E+05  3.0756E+07
  1.1170E-07  5.1645E+03  1.2212E+05  3.0743E+07
  1.1190E-07  2.0908E+03  1.2197E+05  3.0730E+07
  1.1210E-07 -9.8153E+02  1.2182E+05  3.0717E+07
  1.1230E-07 -4.0525E+03  1.2167E+05  3.0703E+07
  1.1250E-07 -7.1221E+03  1.2152E+05  3.0689E+07
  1.1270E-07 -1.0190E+04  1.2137E+05  3.0675E+07
  1.1290E-07 -1.3257E+04  1.2122E+05  3.0660E+07
  1.1310E-07 -1.6322E+04  1.2107E+05  3.0645E+07
  1.1330E-07 -1.9386E+04  1.2091E+05  3.0630E+07
  1.1350E-07 -2.2448E+04  1.2075E+05  3.0615E+07
  1.1370E-07 -2.5509E+04  1.2060E+05  3.0599E+07
  1.1390E-07 -2.8568E+04  1.2044E+05  3.0583E+07
  1.1410E-07 -3.1626E+04  1.2028E+05  3.0567E+07
  1.1430E-07 -3.4682E+04  1.2011E+05  3.0551E+07
  1.1450E-07 -3.7736E+04  1.1995E+05  3.0534E+07
  1.1470E-07 -4.0788E+04  1.1979E+05  3.0518E+07
  1.1490E-07 -4.3839E+04  1.1962E+05  3.0500E+07
  1.1510E-07 -4.6889E+04  1.1945E+05  3.0483E+07
  1.1530E-07 -4.9936E+04  1.1929E+05  3.0465E+07
  1.1550E-07 -5.2982E+04  1.1912E+05  3.0448E+07
  1.1570E-07 -5.6025E+04  1.1895E+05  3.0429E+07
  1.1590E-07 -5.9067E+04  1.1878E+05  3.0411E+07
  1.1610E-07 -6.2108E+04  1.1860E+05  3.0392E+07
  1.1630E-07 -6.5146E+04  1.1843E+05  3.0373E+07
  1.1650E-07 -6.8182E+04  1.1825E+05  3.0354E+07
  1.1670E-07 -7.1217E+04  1.1808E+05  3.0335E+07
  1.1690E-07 -7.4249E+04  1.1790E+05  3.0315E+07
  1.1710E-07 -7.7280E+04  1.1772E+05  3.0295E+07
  1.1730E-07 -8.0308E+04  1.1754E+05  3.0275E+07
  1.1750E-07 -8.3335E+04  1.1736E+05  3.0255E+07
  1.1770E-07 -8.6359E+04  1.1718E+05  3.0234E+07
  1.1790E-07 -8.9382E+04  1.1700E+05  3.0213E+07
  1.1810E-07 -9.2402E+04  1.1681E+05  3.0192E+07
  1.1830E-07 -9.5420E+04  1.1662E+05  3.0171E+07
  1.1850E-07 -9.8436E+04  1.1644E+05  3.0149E+07
  1.1870E-07 -1.0145E+05  1.1625E+05  3.0127E+07
  1.1890E-07 -1.0446E+05  1.1606E+05  3.0105E+07
  1.1910E-07 -1.0747E+05  1.1587E+05  3.0083E+07
  1.1930E-07 -1.1048E+05  1.1568E+05  3.0060E+07
  1.1950E-07 -1.1348E+05  1.1549E+05  3.0037E+07
  1.1970E-07 -1.1649E+05  1.1529E+05  3.0014E+07
  1.1990E-07 -1.1949E+05  1.1510E+05  2.9990E+07
  1.2010E-07 -1.2248E+05  1.1490E+05  2.9967E+07
  1.2030E-07 -1.2548E+05  1.1471E+05  2.9943E+07
  1.2050E-07 -1.2847E+05  1.1451E+05  2.9919E+07
  1.2070E-07 -1.3146E+05  1.1431E+05  2.9894E+07
  1.2090E-07 -1.3445E+05  1.1411E+05  2.9870E+07
  1.2110E-07 -1.3744E+05  1.1391E+05  2.9845E+07
  1.2130E-07 -1.4042E+05  1.1370E+05  2.9820E+07
  1.2150E-07 -1.4340E+05  1.1350E+05  2.9794E+07
  1.2170E-07 -1.4638E+05  1.1330E+05  2.9769E+07
  1.2190E-07 -1.4935E+05  1.1309E+05  2.9743E+07
  1.2210E-07 -1.5233E+05  1.1288E+05  2.9717E+07
  1.2230E-07 -1.5530E+05  1.1268E+05  2.9690E+07
  1.2250E-07 -1.5827E+05  1.1247E+05  2.9664E+07
  1.2270E-07 -1.6123E+05  1.1226E+05  2.9637E+07
  1.2290E-07 -1.6419E+05  1.1205E+05  2.9610E+07
  1.2310E-07 -1.6715E+05  1.1183E+05  2.9583E+07
  1.2330E-07 -1.7011E+05  1.1162E+05  2.9555E+07
  1.2350E-07 -1.7306E+05  1.1141E+05  2.9527E+07
  1.2370E-07 -1.7601E+05  1.1119E+05  2.9499E+07
  1.2390E-07 -1.7896E+05  1.1098E+05  2.9471E+07
  1.2410E-07 -1.8191E+05  1.1076E+05  2.9443E+07
  1.2430E-07 -1.8485E+05  1.1054E+05  2.9414E+07
  1.2450E-07 -1.8779E+05  1.1032E+05  2.9385E+07
  1.2470E-07 -1.9073E+05  1.1010E+05  2.9356E+07
  1.2490E-07 -1.9366E+05  1.0988E+05  2.9326E+07
  1.2510E-07 -1.9659E+05  1.0966E+05  2.9296E+07
  1.2530E-07 -1.9952E+05  1.0944E+05  2.9266E+07
  1.2550E-07 -2.0245E+05  1.0921E+05  2.9236E+07
  1.2570E-07 -2.0537E+05  1.0899E+05  2.9206E+07
  1.2590E-07 -2.0829E+05  1.0876E+05  2.9175E+07
  1.2610E-07 -2.1120E+05  1.0854E+05  2.9144E+07
  1.2630E-07 -2.1412E+05  1.0831E+05  2.9113E+07
  1.2650E-07 -2.1703E+05  1.0808E+05  2.9082E+07
  1.2670E-07 -2.1993E+05  1.0785E+05  2.9050E+07
  1.2690E-07 -2.2284E+05  1.0762E+05  2.9018E+07
  1.2710E-07 -2.2574E+05  1.0739E+05  2.8986E+07
  1.2730E-07 -2.2863E+05  1.0716E+05  2.8954E+07
  1.2750E-07 -2.3153E+05  1.0692E+05  2.8921E+07
  1.2770E-07 -2.3442E+05  1.0669E+05  2.8889E+07
  1.2790E-07 -2.3731E+05  1.0645E+05  2.8856E+07
  1.2810E-07 -2.4019E+05  1.0622E+05  2.8822E+07
  1.2830E-07 -2.4307E+05  1.0598E+05  2.8789E+07
  1.2850E-07 -2.4595E+05  1.0575E+05  2.8755E+07
  1.2870E-07 -2.4882E+05  1.0551E+05  2.8721E+07
  1.2890E-07 -2.5169E+05  1.0527E+05  2.8687E+07
  1.2910E-07 -2.5456E+05  1.0503E+05  2.8653E+07
  1.2930E-07 -2.5742E+05  1.0479E+05  2.8618E+07
  1.2950E-07 -2.6028E+05  1.0455E+05  2.8583E+07
  1.2970E-07 -2.6314E+05  1.0430E+05  2.8548E+07
  1.2990E-07 -2.6599E+05  1.0406E+05  2.8513E+07
  1.3010E-07 -2.6884E+05  1.0382E+05  2.8477E+07
  1.3030E-07 -2.7169E+05  1.0357E+05  2.8441E+07
  1.3050E-07 -2.7453E+05  1.0333E+05  2.8405E+07
  1.3070E-07 -2.7737E+05  1.0308E+05  2.8369E+07
  1.3090E-07 -2.8020E+05  1.0283E+05  2.8333E+07
  1.3110E-07 -2.8303E+05  1.0258E+05  2.8296E+07
  1.3130E-07 -2.8586E+05  1.0233E+05  2.8259E+07
  1.3150E-07 -2.8869E+05  1.0209E+05  2.8222E+07
  1.3170E-07 -2.9151E+05  1.0183E+05  2.8185E+07
  1.3190E-07 -2.9432E+05  1.0158E+05  2.8147E+07
  1.3210E-07 -2.9714E+05  1.0133E+05  2.8109E+07
  1.3230E-07 -2.9995E+05  1.0108E+05  2.8071E+07
  1.3250E-07 -3.0275E+05  1.0083E+05  2.8033E+07
  1.3270E-07 -3.0555E+05  1.0057E+05  2.7995E+07
  1.3290E-07 -3.0835E+05  1.0032E+05  2.7956E+07
  1.3310E-07 -3.1114E+05  1.0006E+05  2.7917E+07
  1.3330E-07 -3.1393E+05  9.9806E+04  2.7878E+07
  1.3350E-07 -3.1672E+05  9.9549E+04  2.7838E+07
  1.3370E-07 -3.1950E+05  9.9292E+04  2.7799E+07
  1.3390E-07 -3.2228E+05  9.9034E+04  2.7759E+07
  1.3410E-07 -3.2505E+05  9.8775E+04  2.7719E+07
  1.3430E-07 -3.2782E+05  9.8516E+04  2.7679E+07
  1.3450E-07 -3.3059E+05  9.8255E+04  2.7638E+07
  1.3470E-07 -3.3335E+05  9.7995E+04  2.7598E+07
  1.3490E-07 -3.3611E+05  9.7733E+04  2.7557E+07
  1.3510E-07 -3.3886E+05  9.7471E+04  2.7516E+07
  1.3530E-07 -3.4161E+05  9.7208E+04  2.7474E+07
  1.3550E-07 -3.4436E+05  9.6945E+04  2.7433E+07
  1.3570E-07 -3.4710E+05  9.6681E+04  2.7391E+07
  1.3590E-07 -3.4983E+05  9.6417E+04  2.7349E+07
  1.3610E-07 -3.5257E+05  9.6151E+04  2.7307E+07
  1.3630E-07 -3.5530E+05  9.5886E+04  2.7264E+07
  1.3650E-07 -3.5802E+05  9.5619E+04  2.7222E+07
  1.3670E-07 -3.6074E+05  9.5352E+04  2.7179E+07
  1.3690E-07 -3.6346E+05  9.5085E+04  2.7136E+07
  1.3710E-07 -3.6617E+05  9.4817E+04  2.7092E+07
  1.3730E-07 -3.6887E+05  9.4548E+04  2.7049E+07
  1.3750E-07 -3.7158E+05  9.4279E+04  2.7005E+07
  1.3770E-07 -3.7428E+05  9.4009E+04  2.6961E+07
  1.3790E-07 -3.7697E+05  9.3739E+04  2.6917E+07
  1.3810E-07 -3.7966E+05  9.3468E+04  2.6873E+07
  1.3830E-07 -3.8234E+05  9.3197E+04  2.6828E+07
  1.3850E-07 -3.8502E+05  9.2925E+04  2.6784E+07
  1.3870E-07 -3.8770E+05  9.2653E+04  2.6739E+07
  1.3890E-07 -3.9037E+05  9.2380E+04  2.6693E+07
  1.3910E-07 -3.9304E+05  9.2107E+04  2.6648E+07
  1.3930E-07 -3.9570E+05  9.1833E+04  2.6602E+07
  1.3950E-07 -3.9836E+05  9.1559E+04  2.6557E+07
  1.3970E-07 -4.0101E+05  9.1284E+04  2.6511E+07
  1.3990E-07 -4.0366E+05  9.1009E+04  2.6464E+07
  1.4010E-07 -4.0631E+05  9.0733E+04  2.6418E+07
  1.4030E-07 -4.0894E+05  9.0457E+04  2.6371E+07
  1.4050E-07 -4.1158E+05  9.0180E+04  2.6324E+07
  1.4070E-07 -4.1421E+05  8.9903E+04  2.6277E+07
  1.4090E-07 -4.1684E+05  8.9626E+04  2.6230E+07
  1.4110E-07 -4.1946E+05  8.9348E+04  2.6183E+07
  1.4130E-07 -4.2207E+05  8.9069E+04  2.6135E+07
  1.4150E-07 -4.2468E+05  8.8791E+04  2.6087E+07
  1.4170E-07 -4.2729E+05  8.8512E+04  2.6039E+07
  1.4190E-07 -4.2989E+05  8.8232E+04  2.5991E+07
  1.4210E-07 -4.3249E+05  8.7952E+04  2.5942E+07
  1.4230E-07 -4.3508E+05  8.7672E+04  2.5894E+07
  1.4250E-07 -4.3767E+05  8.7391E+04  2.5845E+07
  1.4270E-07 -4.4025E+05  8.7110E+04  2.5796E+07
  1.4290E-07 -4.4283E+05  8.6829E+04  2.5746E+07
  1.4310E-07 -4.4540E+05  8.6547E+04  2.5697E+07
  1.4330E-07 -4.4796E+05  8.6265E+04  2.5647E+07
  1.4350E-07 -4.5053E+05  8.5983E+04  2.5597E+07
  1.4370E-07 -4.5308E+05  8.5700E+04  2.5547E+07
  1.4390E-07 -4.5564E+05  8.5417E+04  2.5497E+07
  1.4410E-07 -4.5818E+05  8.5133E+04  2.5447E+07
  1.4430E-07 -4.6073E+05  8.4850E+04  2.5396E+07
  1.4450E-07 -4.6326E+05  8.4566E+04  2.5345E+07
  1.4470E-07 -4.6579E+05  8.4281E+04  2.5294E+07
  1.4490E-07 -4.6832E+05  8.3997E+04  2.5243E+07
  1.4510E-07 -4.7084E+05  8.3712E+04  2.5191E+07
  1.4530E-07 -4.7336E+05  8.3427E+04  2.5140E+07
  1.4550E-07 -4.7587E+05  8.3141E+04  2.5088E+07
  1.4570E-07 -4.7838E+05  8.2856E+04  2.5036E+07
  1.4590E-07 -4.8088E+05  8.2570E+04  2.4984E+07
  1.4610E-07 -4.8337E+05  8.2284E+04  2.4931E+07
  1.4630E-07 -4.8586E+05  8.1997E+04  2.4879E+07
  1.4650E-07 -4.8835E+05  8.1711E+04  2.4826E+07
  1.4670E-07 -4.9083E+05  8.1424E+04  2.4773E+07
  1.4690E-07 -4.9330E+05  8.1137E+04  2.4720E+07
  1.4710E-07 -4.9577E+05  8.0849E+04  2.4666E+07
  1.4730E-07 -4.9824E+05  8.0562E+04  2.4613E+07
  1.4750E-07 -5.0070E+05  8.0274E+04  2.4559E+07
  1.4770E-07 -5.0315E+05  7.9986E+04  2.4505E+07
  1.4790E-07 -5.0560E+05  7.9698E+04  2.4451E+07
  1.4810E-07 -5.0804E+05  7.9410E+04  2.4397E+07
  1.4830E-07 -5.1048E+05  7.9121E+04  2.4342E+07
  1.4850E-07 -5.1291E+05  7.8833E+04  2.4288E+07
  1.4870E-07 -5.1533E+05  7.8544E+04  2.4233E+07
  1.4890E-07 -5.1775E+05  7.8255E+04  2.4178E+07
  1.4910E-07 -5.2017E+05  7.7966E+04  2.4123E+07
  1.4930E-07 -5.2258E+05  7.7677E+04  2.4067E+07
  1.4950E-07 -5.2498E+05  7.7387E+04  2.4012E+07
  1.4970E-07 -5.2738E+05  7.7098E+04  2.3956E+07
  1.4990E-07 -5.2977E+05  7.6808E+04  2.3900E+07
  1.5010E-07 -5.3216E+05  7.6519E+04  2.3844E+07
  1.5030E-07 -5.3454E+05  7.6229E+04  2.3787E+07
  1.5050E-07 -5.3692E+05  7.5939E+04  2.3731E+07
  1.5070E-07 -5.3929E+05  7.5649E+04  2.3674E+07
  1.5090E-07 -5.4165E+05  7.5359E+04  2.3617E+07
  1.5110E-07 -5.4401E+05  7.5069E+04  2.3560E+07
  1.5130E-07 -5.4637E+05  7.4779E+04  2.3503E+07
  1.5150E-07 -5.4871E+05  7.4488E+04  2.3446E+07
  1.5170E-07 -5.5106E+05  7.4198E+04  2.3388E+07
  1.5190E-07 -5.5339E+05  7.3908E+04  2.3330E+07
  1.5210E-07 -5.5572E+05  7.3617E+04  2.3273E+07
  1.5230E-07 -5.5805E+05  7.3327E+04  2.3214E+07
  1.5250E-07 -5.6036E+05  7.3036E+04  2.3156E+07
  1.5270E-07 -5.6268E+05  7.2746E+04  2.3098E+07
  1.5290E-07 -5.6498E+05  7.2455E+04  2.3039E+07
  1.5310E-07 -5.6728E+05  7.2164E+04  2.2980E+07
  1.5330E-07 -5.6958E+05  7.1874E+04  2.2921E+07
  1.5350E-07 -5.7187E+05  7.1583E+04  2.2862E+07
  1.5370E-07 -5.7415E+05  7.1293E+04  2.2803E+07
  1.5390E-07 -5.7643E+05  7.1002E+04  2.2743E+07
  1.5410E-07 -5.7870E+05  7.0712E+04  2.2684E+07
  1.5430E-07 -5.8097E+05  7.0421E+04  2.2624E+07
  1.5450E-07 -5.8323E+05  7.0131E+04  2.2564E+07
  1.5470E-07 -5.8548E+05  6.9840E+04  2.2504E+07
  1.5490E-07 -5.8773E+05  6.9550E+04  2.2443E+07
  1.5510E-07 -5.8997E+05  6.9259E+04  2.2383E+07
  1.5530E-07 -5.9220E+05  6.8969E+04  2.2322E+07
  1.5550E-07 -5.9443E+05  6.8679E+04  2.2261E+07
  1.5570E-07 -5.9665E+05  6.8388E+04  2.2200E+07
  1.5590E-07 -5.9887E+05  6.8098E+04  2.2139E+07
  1.5610E-07 -6.0108E+05  6.7808E+04  2.2078E+07
  1.5630E-07 -6.0329E+05  6.7518E+04  2.2016E+07
  1.5650E-07 -6.0549E+05  6.7228E+04  2.1955E+07
  1.5670E-07 -6.0768E+05  6.6938E+04  2.1893E+07
  1.5690E-07 -6.0986E+05  6.6649E+04  2.1831E+07
  1.5710E-07 -6.1204E+05  6.6359E+04  2.1769E+07
  1.5730E-07 -6.1422E+05  6.6070E+04  2.1706E+07
  1.5750E-07 -6.1639E+05  6.5780E+04  2.1644E+07
  1.5770E-07 -6.1855E+05  6.5491E+04  2.1581E+07
  1.5790E-07 -6.2070E+05  6.5202E+04  2.1518E+07
  1.5810E-07 -6.2285E+05  6.4913E+04  2.1455E+07
  1.5830E-07 -6.2499E+05  6.4624E+04  2.1392E+07
  1.5850E-07 -6.2713E+05  6.4335E+04  2.1329E+07
  1.5870E-07 -6.2926E+05  6.4047E+04  2.1266E+07
  1.5890E-07 -6.3138E+05  6.3758E+04  2.1202E+07
  1.5910E-07 -6.3350E+05  6.3470E+04  2.1138E+07
  1.5930E-07 -6.3561E+05  6.3182E+04  2.1074E+07
  1.5950E-07 -6.3771E+05  6.2894E+04  2.1010E+07
  1.5970E-07 -6.3981E+05  6.2606E+04  2.0946E+07
  1.5990E-07 -6.4190E+05  6.2319E+04  2.0882E+07
  1.6010E-07 -6.4399E+05  6.2032E+04  2.0817E+07
  1.6030E-07 -6.4607E+05  6.1744E+04  2.0752E+07
  1.6050E-07 -6.4814E+05  6.1457E+04  2.0688E+07
  1.6070E-07 -6.5020E+05  6.1171E+04  2.0623E+07
  1.6090E-07 -6.5226E+05  6.0884E+04  2.0557E+07
  1.6110E-07 -6.5432E+05  6.0598E+04  2.0492E+07
  1.6130E-07 -6.5636E+05  6.0312E+04  2.0427E+07
  1.6150E-07 -6.5840E+05  6.0026E+04  2.0361E+07
  1.6170E-07 -6.6043E+05  5.9740E+04  2.0295E+07
  1.6190E-07 -6.6246E+05  5.9455E+04  2.0229E+07
  1.6210E-07 -6.6448E+05  5.9169E+04  2.0163E+07
  1.6230E-07 -6.6649E+05  5.8884E+04  2.0097E+07
  1.6250E-07 -6.6850E+05  5.8600E+04  2.0031E+07
  1.6270E-07 -6.7050E+05  5.8315E+04  1.9964E+07
  1.6290E-07 -6.7249E+05  5.8031E+04  1.9898E+07
  1.6310E-07 -6.7448E+05  5.7747E+04  1.9831E+07
  1.6330E-07 -6.7646E+05  5.7463E+04  1.9764E+07
  1.6350E-07 -6.7843E+05  5.7180E+04  1.9697E+07
  1.6370E-07 -6.8040E+05  5.6897E+04  1.9630E+07
  1.6390E-07 -6.8236E+05  5.6614E+04  1.9562E+07
  1.6410E-07 -6.8431E+05  5.6331E+04  1.9495E+07
  1.6430E-07 -6.8626E+05  5.6049E+04  1.9427E+07
  1.6450E-07 -6.8820E+05  5.5767E+04  1.9360E+07
  1.6470E-07 -6.9013E+05  5.5485E+04  1.9292E+07
  1.6490E-07 -6.9205E+05  5.5204E+04  1.9224E+07
  1.6510E-07 -6.9397E+05  5.4923E+04  1.9155E+07
  1.6530E-07 -6.9588E+05  5.4642E+04  1.9087E+07
  1.6550E-07 -6.9779E+05  5.4362E+04  1.9019E+07
  1.6570E-07 -6.9969E+05  5.4082E+04  1.8950E+07
  1.6590E-07 -7.0158E+05  5.3802E+04  1.8881E+07
  1.6610E-07 -7.0346E+05  5.3522E+04  1.8812E+07
  1.6630E-07 -7.0534E+05  5.3243E+04  1.8743E+07
  1.6650E-07 -7.0721E+05  5.2964E+04  1.8674E+07
  1.6670E-07 -7.0908E+05  5.2686E+04  1.8605E+07
  1.6690E-07 -7.1093E+05  5.2408E+04  1.8535E+07
  1.6710E-07 -7.1278E+05  5.2130E+04  1.8466E+07
  1.6730E-07 -7.1463E+05  5.1852E+04  1.8396E+07
  1.6750E-07 -7.1646E+05  5.1575E+04  1.8326E+07
  1.6770E-07 -7.1829E+05  5.1299E+04  1.8256E+07
  1.6790E-07 -7.2012E+05  5.1022E+04  1.8186E+07
  1.6810E-07 -7.2193E+05  5.0746E+04  1.8116E+07
  1.6830E-07 -7.2374E+05  5.0471E+04  1.8046E+07
  1.6850E-07 -7.2554E+05  5.0195E+04  1.7975E+07
  1.6870E-07 -7.2733E+05  4.9921E+04  1.7904E+07
  1.6890E-07 -7.2912E+05  4.9646E+04  1.7834E+07
  1.6910E-07 -7.3090E+05  4.9372E+04  1.7763E+07
  1.6930E-07 -7.3267E+05  4.9098E+04  1.7692E+07
  1.6950E-07 -7.3444E+05  4.8825E+04  1.7621E+07
  1.6970E-07 -7.3620E+05  4.8552E+04  1.7549E+07
  1.6990E-07 -7.3795E+05  4.8279E+04  1.7478E+07
  1.7010E-07 -7.3969E+05  4.8007E+04  1.7407E+07
  1.7030E-07 -7.4143E+05  4.7736E+04  1.7335E+07
  1.7050E-07 -7.4316E+05  4.7464E+04  1.7263E+07
  1.7070E-07 -7.4488E+05  4.7193E+04  1.7191E+07
  1.7090E-07 -7.4660E+05  4.6923E+04  1.7119E+07
  1.7110E-07 -7.4831E+05  4.6653E+04  1.7047E+07
  1.7130E-07 -7.5001E+05  4.6383E+04  1.6975E+07
  1.7150E-07 -7.5170E+05  4.6114E+04  1.6903E+07
  1.7170E-07 -7.5339E+05  4.5845E+04  1.6830E+07
  1.7190E-07 -7.5507E+05  4.5577E+04  1.6758E+07
  1.7210E-07 -7.5674E+05  4.5309E+04  1.6685E+07
  1.7230E-07 -7.5840E+05  4.5041E+04  1.6612E+07
  1.7250E-07 -7.6006E+05  4.4774E+04  1.6539E+07
  1.7270E-07 -7.6171E+05  4.4507E+04  1.6466E+07
  1.7290E-07 -7.6335E+05  4.4241E+04  1.6393E+07
  1.7310E-07 -7.6499E+05  4.3975E+04  1.6319E+07
  1.7330E-07 -7.6662E+05  4.3710E+04  1.6246E+07
  1.7350E-07 -7.6824E+05  4.3445E+04  1.6173E+07
  1.7370E-07 -7.6985E+05  4.3181E+04  1.6099E+07
  1.7390E-07 -7.7146E+05  4.2917E+04  1.6025E+07
  1.7410E-07 -7.7306E+05  4.2653E+04  1.5951E+07
  1.7430E-07 -7.7465E+05  4.2390E+04  1.5877E+07
  1.7450E-07 -7.7623E+05  4.2128E+04  1.5803E+07
  1.7470E-07 -7.7781E+05  4.1866E+04  1.5729E+07
  1.7490E-07 -7.7938E+05  4.1604E+04  1.5655E+07
  1.7510E-07 -7.8094E+05  4.1343E+04  1.5580E+07
  1.7530E-07 -7.8250E+05  4.1082E+04  1.5506E+07
  1.7550E-07 -7.8404E+05  4.0822E+04  1.5431E+07
  1.7570E-07 -7.8558E+05  4.0562E+04  1.5356E+07
  1.7590E-07 -7.8711E+05  4.0303E+04  1.5281E+07
  1.7610E-07 -7.8864E+05  4.0044E+04  1.5206E+07
  1.7630E-07 -7.9015E+05  3.9786E+04  1.5131E+07
  1.7650E-07 -7.9166E+05  3.9528E+04  1.5056E+07
  1.7670E-07 -7.9317E+05  3.9270E+04  1.4981E+07
  1.7690E-07 -7.9466E+05  3.9014E+04  1.4906E+07
  1.7710E-07 -7.9615E+05  3.8757E+04  1.4830E+07
  1.7730E-07 -7.9763E+05  3.8501E+04  1.4755E+07
  1.7750E-07 -7.9910E+05  3.8246E+04  1.4679E+07
  1.7770E-07 -8.0056E+05  3.7991E+04  1.4603E+07
  1.7790E-07 -8.0202E+05  3.7737E+04  1.4527E+07
  1.7810E-07 -8.0347E+05  3.7483E+04  1.4451E+07
  1.7830E-07 -8.0491E+05  3.7229E+04  1.4375E+07
  1.7850E-07 -8.0634E+05  3.6976E+04  1.4299E+07
  1.7870E-07 -8.0777E+05  3.6724E+04  1.4223E+07
  1.7890E-07 -8.0919E+05  3.6472E+04  1.4146E+07
  1.7910E-07 -8.1060E+05  3.6221E+04  1.4070E+07
  1.7930E-07 -8.1200E+05  3.5970E+04  1.3993E+07
  1.7950E-07 -8.1340E+05  3.5719E+04  1.3917E+07
  1.7970E-07 -8.1478E+05  3.5469E+04  1.3840E+07
  1.7990E-07 -8.1616E+05  3.5220E+04  1.3763E+07
  1.8010E-07 -8.1754E+05  3.4971E+04  1.3686E+07
  1.8030E-07 -8.1890E+05  3.4723E+04  1.3609E+07
  1.8050E-07 -8.2026E+05  3.4475E+04  1.3532E+07
  1.8070E-07 -8.2161E+05  3.4228E+04  1.3455E+07
  1.8090E-07 -8.2295E+05  3.3981E+04  1.3377E+07
  1.8110E-07 -8.2428E+05  3.3734E+04  1.3300E+07
  1.8130E-07 -8.2561E+05  3.3489E+04  1.3222E+07
  1.8150E-07 -8.2693E+05  3.3243E+04  1.3145E+07
  1.8170E-07 -8.2824E+05  3.2999E+04  1.3067E+07
  1.8190E-07 -8.2954E+05  3.2754E+04  1.2989E+07
  1.8210E-07 -8.3084E+05  3.2511E+04  1.2911E+07
  1.8230E-07 -8.3212E+05  3.2267E+04  1.2834E+07
  1.8250E-07 -8.3340E+05  3.2025E+04  1.2756E+07
  1.8270E-07 -8.3468E+05  3.1782E+04  1.2677E+07
  1.8290E-07 -8.3594E+05  3.1541E+04  1.2599E+07
  1.8310E-07 -8.3719E+05  3.1300E+04  1.2521E+07
  1.8330E-07 -8.3844E+05  3.1059E+04  1.2443E+07
  1.8350E-07 -8.3968E+05  3.0819E+04  1.2364E+07
  1.8370E-07 -8.4092E+05  3.0579E+04  1.2286E+07
  1.8390E-07 -8.4214E+05  3.0340E+04  1.2207E+07
  1.8410E-07 -8.4336E+05  3.0102E+04  1.2128E+07
  1.8430E-07 -8.4457E+05  2.9864E+04  1.2050E+07
  1.8450E-07 -8.4577E+05  2.9626E+04  1.1971E+07
  1.8470E-07 -8.4696E+05  2.9389E+04  1.1892E+07
  1.8490E-07 -8.4815E+05  2.9153E+04  1.1813E+07
  1.8510E-07 -8.4932E+05  2.8917E+04  1.1734E+07
  1.8530E-07 -8.5049E+05  2.8682E+04  1.1655E+07
  1.8550E-07 -8.5165E+05  2.8447E+04  1.1575E+07
  1.8570E-07 -8.5281E+05  2.8212E+04  1.1496E+07
  1.8590E-07 -8.5395E+05  2.7979E+04  1.1417E+07
  1.8610E-07 -8.5509E+05  2.7745E+04  1.1337E+07
  1.8630E-07 -8.5622E+05  2.7512E+04  1.1258E+07
  1.8650E-07 -8.5734E+05  2.7280E+04  1.1178E+07
  1.8670E-07 -8.5846E+05  2.7048E+04  1.1099E+07
  1.8690E-07 -8.5956E+05  2.6817E+04  1.1019E+07
  1.8710E-07 -8.6066E+05  2.6587E+04  1.0939E+07
  1.8730E-07 -8.6175E+05  2.6356E+04  1.0859E+07
  1.8750E-07 -8.6283E+05  2.6127E+04  1.0779E+07
  1.8770E-07 -8.6391E+05  2.5898E+04  1.0699E+07
  1.8790E-07 -8.6497E+05  2.5669E+04  1.0619E+07
  1.8810E-07 -8.6603E+05  2.5441E+04  1.0539E+07
  1.8830E-07 -8.6708E+05  2.5213E+04  1.0459E+07
  1.8850E-07 -8.6812E+05  2.4986E+04  1.0378E+07
  1.8870E-07 -8.6916E+05  2.4760E+04  1.0298E+07
  1.8890E-07 -8.7018E+05  2.4534E+04  1.0218E+07
  1.8910E-07 -8.7120E+05  2.4308E+04  1.0137E+07
  1.8930E-07 -8.7221E+05  2.4083E+04  1.0057E+07
  1.8950E-07 -8.7321E+05  2.3859E+04  9.9761E+06
  1.8970E-07 -8.7420E+05  2.3635E+04  9.8954E+06
  1.8990E-07 -8.7519E+05  2.3411E+04  9.8147E+06
  1.9010E-07 -8.7617E+05  2.3188E+04  9.7339E+06
  1.9030E-07 -8.7714E+05  2.2966E+04  9.6531E+06
  1.9050E-07 -8.7810E+05  2.2744E+04  9.5722E+06
  1.9070E-07 -8.7905E+05  2.2522E+04  9.4912E+06
  1.9090E-07 -8.8000E+05  2.2302E+04  9.4102E+06
  1.9110E-07 -8.8093E+05  2.2081E+04  9.3292E+06
  1.9130E-07 -8.8186E+05  2.1861E+04  9.2480E+06
  1.9150E-07 -8.8278E+05  2.1642E+04  9.1668E+06
  1.9170E-07 -8.8369E+05  2.1423E+04  9.0856E+06
  1.9190E-07 -8.8460E+05  2.1205E+04  9.0043E+06
  1.9210E-07 -8.8550E+05  2.0987E+04  8.9230E+06
  1.9230E-07 -8.8638E+05  2.0769E+04  8.8416E+06
  1.9250E-07 -8.8726E+05  2.0552E+04  8.7601E+06
  1.9270E-07 -8.8814E+05  2.0336E+04  8.6786E+06
  1.9290E-07 -8.8900E+05  2.0120E+04  8.5971E+06
  1.9310E-07 -8.8986E+05  1.9905E+04  8.5155E+06
  1.9330E-07 -8.9070E+05  1.9690E+04  8.4338E+06
  1.9350E-07 -8.9154E+05  1.9475E+04  8.3521E+06
  1.9370E-07 -8.9237E+05  1.9261E+04  8.2704E+06
  1.9390E-07 -8.9320E+05  1.9048E+04  8.1886E+06
  1.9410E-07 -8.9401E+05  1.8835E+04  8.1068E+06
  1.9430E-07 -8.9482E+05  1.8622E+04  8.0249E+06
  1.9450E-07 -8.9562E+05  1.8410E+04  7.9429E+06
  1.9470E-07 -8.9641E+05  1.8199E+04  7.8610E+06
  1.9490E-07 -8.9719E+05  1.7988E+04  7.7789E+06
  1.9510E-07 -8.9796E+05  1.7777E+04  7.6969E+06
  1.9530E-07 -8.9873E+05  1.7567E+04  7.6148E+06
  1.9550E-07 -8.9948E+05  1.7357E+04  7.5326E+06
  1.9570E-07 -9.0023E+05  1.7148E+04  7.4504E+06
  1.9590E-07 -9.0097E+05  1.6939E+04  7.3682E+06
  1.9610E-07 -9.0171E+05  1.6731E+04  7.2859E+06
  1.9630E-07 -9.0243E+05  1.6523E+04  7.2036E+06
  1.9650E-07 -9.0315E+05  1.6316E+04  7.1213E+06
  1.9670E-07 -9.0386E+05  1.6109E+04  7.0389E+06
  1.9690E-07 -9.0456E+05  1.5903E+04  6.9565E+06
  1.9710E-07 -9.0525E+05  1.5697E+04  6.8740E+06
  1.9730E-07 -9.0593E+05  1.5491E+04  6.7915E+06
  1.9750E-07 -9.0661E+05  1.5286E+04  6.7090E+06
  1.9770E-07 -9.0727E+05  1.5082E+04  6.6265E+06
  1.9790E-07 -9.0793E+05  1.4878E+04  6.5439E+06
  1.9810E-07 -9.0858E+05  1.4674E+04  6.4612E+06
  1.9830E-07 -9.0922E+05  1.4471E+04  6.3786E+06
  1.9850E-07 -9.0986E+05  1.4268E+04  6.2959E+06
  1.9870E-07 -9.1048E+05  1.4066E+04  6.2132E+06
  1.9890E-07 -9.1110E+05  1.3864E+04  6.1304E+06
  1.9910E-07 -9.1171E+05  1.3662E+04  6.0476E+06
  1.9930E-07 -9.1231E+05  1.3461E+04  5.9648E+06
  1.9950E-07 -9.1290E+05  1.3261E+04  5.8820E+06
  1.9970E-07 -9.1349E+05  1.3060E+04  5.7991E+06
  1.9990E-07 -9.1406E+05  1.2861E+04  5.7163E+06
  2.0010E-07 -9.1463E+05  1.2661E+04  5.6333E+06
  2.0030E-07 -9.1519E+05  1.2462E+04  5.5504E+06
  2.0050E-07 -9.1574E+05  1.2264E+04  5.4674E+06
  2.0070E-07 -9.1628E+05  1.2066E+04  5.3844E+06
  2.0090E-07 -9.1682E+05  1.1868E+04  5.3014E+06
  2.0110E-07 -9.1734E+05  1.1671E+04  5.2184E+06
  2.0130E-07 -9.1786E+05  1.1474E+04  5.1354E+06
  2.0150E-07 -9.1837E+05  1.1277E+04  5.0523E+06
  2.0170E-07 -9.1887E+05  1.1081E+04  4.9692E+06
  2.0190E-07 -9.1936E+05  1.0886E+04  4.8861E+06
  2.0210E-07 -9.1985E+05  1.0690E+04  4.8029E+06
  2.0230E-07 -9.2032E+05  1.0495E+04  4.7198E+06
  2.0250E-07 -9.2079E+05  1.0301E+04  4.6366E+06
  2.0270E-07 -9.2125E+05  1.0107E+04  4.5534E+06
  2.0290E-07 -9.2170E+05  9.9132E+03  4.4702E+06
  2.0310E-07 -9.2214E+05  9.7199E+03  4.3870E+06
  2.0330E-07 -9.2258E+05  9.5269E+03  4.3038E+06
  2.0350E-07 -9.2301E+05  9.3343E+03  4.2205E+06
  2.0370E-07 -9.2342E+05  9.1422E+03  4.1373E+06
  2.0390E-07 -9.2383E+05  8.9503E+03  4.0540E+06
  2.0410E-07 -9.2423E+05  8.7589E+03  3.9707E+06
  2.0430E-07 -9.2463E+05  8.5678E+03  3.8874E+06
  2.0450E-07 -9.2501E+05  8.3771E+03  3.8041E+06
  2.0470E-07 -9.2539E+05  8.1867E+03  3.7208E+06
  2.0490E-07 -9.2576E+05  7.9967E+03  3.6375E+06
  2.0510E-07 -9.2612E+05  7.8070E+03  3.5542E+06
  2.0530E-07 -9.2647E+05  7.6177E+03  3.4709E+06
  2.0550E-07 -9.2681E+05  7.4288E+03  3.3875E+06
  2.0570E-07 -9.2714E+05  7.2402E+03  3.3042E+06
  2.0590E-07 -9.2747E+05  7.0519E+03  3.2208E+06
  2.0610E-07 -9.2779E+05  6.8640E+03  3.1375E+06
  2.0630E-07 -9.2810E+05  6.6764E+03  3.0541E+06
  2.0650E-07 -9.2840E+05  6.4891E+03  2.9707E+06
  2.0670E-07 -9.2869E+05  6.3022E+03  2.8874E+06
  2.0690E-07 -9.2898E+05  6.1156E+03  2.8040E+06
  2.0710E-07 -9.2925E+05  5.9294E+03  2.7206E+06
  2.0730E-07 -9.2952E+05  5.7434E+03  2.6373E+06
  2.0750E-07 -9.2978E+05  5.5578E+03  2.5539E+06
  2.0770E-07 -9.3003E+05  5.3724E+03  2.4705E+06
  2.0790E-07 -9.3027E+05  5.1874E+03  2.3872E+06
  2.0810E-07 -9.3051E+05  5.0027E+03  2.3038E+06
  2.0830E-07 -9.3074E+05  4.8183E+03  2.2204E+06
  2.0850E-07 -9.3095E+05  4.6342E+03  2.1371E+06
  2.0870E-07 -9.3116E+05  4.4505E+03  2.0537E+06
  2.0890E-07 -9.3136E+05  4.2670E+03  1.9704E+06
  2.0910E-07 -9.3156E+05  4.0838E+03  1.8870E+06
  2.0930E-07 -9.3174E+05  3.9008E+03  1.8037E+06
  2.0950E-07 -9.3192E+05  3.7182E+03  1.7204E+06
  2.0970E-07 -9.3209E+05  3.5359E+03  1.6371E+06
  2.0990E-07 -9.3224E+05  3.3538E+03  1.5538E+06
  2.1010E-07 -9.3240E+05  3.1720E+03  1.4705E+06
  2.1030E-07 -9.3254E+05  2.9905E+03  1.3872E+06
  2.1050E-07 -9.3267E+05  2.8093E+03  1.3039E+06
  2.1070E-07 -9.3280E+05  2.6283E+03  1.2206E+06
  2.1090E-07 -9.3292E+05  2.4476E+03  1.1374E+06
  2.1110E-07 -9.3303E+05  2.2671E+03  1.0541E+06
  2.1130E-07 -9.3313E+05  2.0869E+03  9.7092E+05
  2.1150E-07 -9.3322E+05  1.9070E+03  8.8771E+05
  2.1170E-07 -9.3331E+05  1.7273E+03  8.0452E+05
  2.1190E-07 -9.3338E+05  1.5479E+03  7.2134E+05
  2.1210E-07 -9.3345E+05  1.3687E+03  6.3818E+05
  2.1230E-07 -9.3351E+05  1.1897E+03  5.5504E+05
  2.1250E-07 -9.3356E+05  1.0110E+03  4.7191E+05
  2.1270E-07 -9.3360E+05  8.3256E+02  3.8881E+05
  2.1290E-07 -9.3364E+05  6.5431E+02  3.0572E+05
  2.1310E-07 -9.3367E+05  4.7630E+02  2.2266E+05
  2.1330E-07 -9.3368E+05  2.9851E+02  1.3961E+05
  2.1350E-07 -9.3369E+05  1.2094E+02  5.6590E+04
  2.1370E-07 -9.3369E+05 -5.6411E+01 -2.6409E+04
  2.1390E-07 -9.3369E+05 -2.3354E+02 -1.0938E+05
  2.1410E-07 -9.3367E+05 -4.1047E+02 -1.9234E+05
  2.1430E-07 -9.3365E+05 -5.8718E+02 -2.7526E+05
  2.1450E-07 -9.3362E+05 -7.6368E+02 -3.5816E+05
  2.1470E-07 -9.3358E+05 -9.3999E+02 -4.4104E+05
  2.1490E-07 -9.3353E+05 -1.1161E+03 -5.2389E+05
  2.1510E-07 -9.3347E+05 -1.2920E+03 -6.0671E+05
  2.1530E-07 -9.3341E+05 -1.4677E+03 -6.8950E+05
  2.1550E-07 -9.3334E+05 -1.6432E+03 -7.7226E+05
  2.1570E-07 -9.3325E+05 -1.8186E+03 -8.5500E+05
  2.1590E-07 -9.3316E+05 -1.9937E+03 -9.3770E+05
  2.1610E-07 -9.3307E+05 -2.1687E+03 -1.0204E+06
  2.1630E-07 -9.3296E+05 -2.3435E+03 -1.1030E+06
  2.1650E-07 -9.3285E+05 -2.5181E+03 -1.1856E+06
  2.1670E-07 -9.3272E+05 -2.6926E+03 -1.2682E+06
  2.1690E-07 -9.3259E+05 -2.8668E+03 -1.3507E+06
  2.1710E-07 -9.3245E+05 -3.0410E+03 -1.4332E+06
  2.1730E-07 -9.3231E+05 -3.2149E+03 -1.5157E+06
  2.1750E-07 -9.3215E+05 -3.3887E+03 -1.5981E+06
  2.1770E-07 -9.3199E+05 -3.5624E+03 -1.6805E+06
  2.1790E-07 -9.3181E+05 -3.7359E+03 -1.7629E+06
  2.1810E-07 -9.3163E+05 -3.9092E+03 -1.8452E+06
  2.1830E-07 -9.3144E+05 -4.0824E+03 -1.9275E+06
  2.1850E-07 -9.3125E+05 -4.2554E+03 -2.0097E+06
  2.1870E-07 -9.3104E+05 -4.4284E+03 -2.0919E+06
  2.1890E-07 -9.3083E+05 -4.6011E+03 -2.1741E+06
  2.1910E-07 -9.3061E+05 -4.7738E+03 -2.2562E+06
  2.1930E-07 -9.3038E+05 -4.9463E+03 -2.3383E+06
  2.1950E-07 -9.3014E+05 -5.1187E+03 -2.4203E+06
  2.1970E-07 -9.2989E+05 -5.2910E+03 -2.5023E+06
  2.1990E-07 -9.2964E+05 -5.4631E+03 -2.5842E+06
  2.2010E-07 -9.2938E+05 -5.6351E+03 -2.6661E+06
  2.2030E-07 -9.2911E+05 -5.8070E+03 -2.7480E+06
  2.2050E-07 -9.2883E+05 -5.9788E+03 -2.8298E+06
  2.2070E-07 -9.2854E+05 -6.1505E+03 -2.9115E+06
  2.2090E-07 -9.2824E+05 -6.3221E+03 -2.9933E+06
  2.2110E-07 -9.2794E+05 -6.4936E+03 -3.0749E+06
  2.2130E-07 -9.2763E+05 -6.6649E+03 -3.1565E+06
  2.2150E-07 -9.2731E+05 -6.8362E+03 -3.2381E+06
  2.2170E-07 -9.2698E+05 -7.0074E+03 -3.3196E+06
  2.2190E-07 -9.2665E+05 -7.1785E+03 -3.4010E+06
  2.2210E-07 -9.2630E+05 -7.3495E+03 -3.4824E+06
  2.2230E-07 -9.2595E+05 -7.5204E+03 -3.5638E+06
  2.2250E-07 -9.2559E+05 -7.6913E+03 -3.6451E+06
  2.2270E-07 -9.2522E+05 -7.8620E+03 -3.7263E+06
  2.2290E-07 -9.2484E+05 -8.0327E+03 -3.8075E+06
  2.2310E-07 -9.2446E+05 -8.2033E+03 -3.8886E+06
  2.2330E-07 -9.2407E+05 -8.3738E+03 -3.9697E+06
  2.2350E-07 -9.2367E+05 -8.5443E+03 -4.0507E+06
  2.2370E-07 -9.2326E+05 -8.7147E+03 -4.1317E+06
  2.2390E-07 -9.2284E+05 -8.8850E+03 -4.2126E+06
  2.2410E-07 -9.2241E+05 -9.0553E+03 -4.2934E+06
  2.2430E-07 -9.2198E+05 -9.2255E+03 -4.3742E+06
  2.2450E-07 -9.2154E+05 -9.3956E+03 -4.4549E+06
  2.2470E-07 -9.2109E+05 -9.5657E+03 -4.5355E+06
  2.2490E-07 -9.2063E+05 -9.7358E+03 -4.6161E+06
  2.2510E-07 -9.2017E+05 -9.9058E+03 -4.6966E+06
  2.2530E-07 -9.1969E+05 -1.0076E+04 -4.7771E+06
  2.2550E-07 -9.1921E+05 -1.0246E+04 -4.8575E+06
  2.2570E-07 -9.1872E+05 -1.0416E+04 -4.9378E+06
  2.2590E-07 -9.1822E+05 -1.0585E+04 -5.0181E+06
  2.2610E-07 -9.1772E+05 -1.0755E+04 -5.0983E+06
  2.2630E-07 -9.1720E+05 -1.0925E+04 -5.1784E+06
  2.2650E-07 -9.1668E+05 -1.1095E+04 -5.2585E+06
  2.2670E-07 -9.1615E+05 -1.1264E+04 -5.3385E+06
  2.2690E-07 -9.1561E+05 -1.1434E+04 -5.4184E+06
  2.2710E-07 -9.1507E+05 -1.1604E+04 -5.4983E+06
  2.2730E-07 -9.1451E+05 -1.1773E+04 -5.5781E+06
  2.2750E-07 -9.1395E+05 -1.1943E+04 -5.6578E+06
  2.2770E-07 -9.1338E+05 -1.2113E+04 -5.7374E+06
  2.2790E-07 -9.1280E+05 -1.2282E+04 -5.8170E+06
  2.2810E-07 -9.1222E+05 -1.2452E+04 -5.8965E+06
  2.2830E-07 -9.1163E+05 -1.2621E+04 -5.9759E+06
  2.2850E-07 -9.1102E+05 -1.2791E+04 -6.0552E+06
  2.2870E-07 -9.1041E+05 -1.2960E+04 -6.1345E+06
  2.2890E-07 -9.0980E+05 -1.3130E+04 -6.2137E+06
  2.2910E-07 -9.0917E+05 -1.3299E+04 -6.2928E+06
  2.2930E-07 -9.0854E+05 -1.3469E+04 -6.3718E+06
  2.2950E-07 -9.0790E+05 -1.3639E+04 -6.4508E+06
  2.2970E-07 -9.0725E+05 -1.3808E+04 -6.5297E+06
  2.2990E-07 -9.0659E+05 -1.3978E+04 -6.6084E+06
  2.3010E-07 -9.0593E+05 -1.4147E+04 -6.6872E+06
  2.3030E-07 -9.0525E+05 -1.4317E+04 -6.7658E+06
  2.3050E-07 -9.0457E+05 -1.4486E+04 -6.8443E+06
  2.3070E-07 -9.0389E+05 -1.4656E+04 -6.9228E+06
  2.3090E-07 -9.0319E+05 -1.4826E+04 -7.0012E+06
  2.3110E-07 -9.0249E+05 -1.4995E+04 -7.0795E+06
  2.3130E-07 -9.0177E+05 -1.5165E+04 -7.1577E+06
  2.3150E-07 -9.0105E+05 -1.5335E+04 -7.2358E+06
  2.3170E-07 -9.0033E+05 -1.5504E+04 -7.3139E+06
  2.3190E-07 -8.9959E+05 -1.5674E+04 -7.3918E+06
  2.3210E-07 -8.9885E+05 -1.5844E+04 -7.4697E+06
  2.3230E-07 -8.9810E+05 -1.6014E+04 -7.5475E+06
  2.3250E-07 -8.9734E+05 -1.6183E+04 -7.6252E+06
  2.3270E-07 -8.9657E+05 -1.6353E+04 -7.7028E+06
  2.3290E-07 -8.9580E+05 -1.6523E+04 -7.7803E+06
  2.3310E-07 -8.9502E+05 -1.6693E+04 -7.8577E+06
  2.3330E-07 -8.9423E+05 -1.6863E+04 -7.9350E+06
  2.3350E-07 -8.9343E+05 -1.7033E+04 -8.0123E+06
  2.3370E-07 -8.9262E+05 -1.7203E+04 -8.0894E+06
  2.3390E-07 -8.9181E+05 -1.7373E+04 -8.1665E+06
  2.3410E-07 -8.9099E+05 -1.7543E+04 -8.2434E+06
  2.3430E-07 -8.9016E+05 -1.7713E+04 -8.3203E+06
  2.3450E-07 -8.8933E+05 -1.7883E+04 -8.3970E+06
  2.3470E-07 -8.8848E+05 -1.8054E+04 -8.4737E+06
  2.3490E-07 -8.8763E+05 -1.8224E+04 -8.5503E+06
  2.3510E-07 -8.8677E+05 -1.8394E+04 -8.6267E+06
  2.3530E-07 -8.8591E+05 -1.8565E+04 -8.7031E+06
  2.3550E-07 -8.8503E+05 -1.8735E+04 -8.7794E+06
  2.3570E-07 -8.8415E+05 -1.8906E+04 -8.8556E+06
  2.3590E-07 -8.8326E+05 -1.9076E+04 -8.9316E+06
  2.3610E-07 -8.8236E+05 -1.9247E+04 -9.0076E+06
  2.3630E-07 -8.8146E+05 -1.9417E+04 -9.0835E+06
  2.3650E-07 -8.8055E+05 -1.9588E+04 -9.1592E+06
  2.3670E-07 -8.7963E+05 -1.9759E+04 -9.2349E+06
  2.3690E-07 -8.7870E+05 -1.9930E+04 -9.3105E+06
  2.3710E-07 -8.7777E+05 -2.0100E+04 -9.3859E+06
  2.3730E-07 -8.7682E+05 -2.0271E+04 -9.4613E+06
  2.3750E-07 -8.7587E+05 -2.0442E+04 -9.5365E+06
  2.3770E-07 -8.7492E+05 -2.0613E+04 -9.6116E+06
  2.3790E-07 -8.7395E+05 -2.0784E+04 -9.6867E+06
  2.3810E-07 -8.7298E+05 -2.0956E+04 -9.7616E+06
  2.3830E-07 -8.7200E+05 -2.1127E+04 -9.8364E+06
  2.3850E-07 -8.7101E+05 -2.1298E+04 -9.9111E+06
  2.3870E-07 -8.7002E+05 -2.1469E+04 -9.9857E+06
  2.3890E-07 -8.6901E+05 -2.1641E+04 -1.0060E+07
  2.3910E-07 -8.6800E+05 -2.1812E+04 -1.0135E+07
  2.3930E-07 -8.6699E+05 -2.1984E+04 -1.0209E+07
  2.3950E-07 -8.6596E+05 -2.2155E+04 -1.0283E+07
  2.3970E-07 -8.6493E+05 -2.2327E+04 -1.0357E+07
  2.3990E-07 -8.6389E+05 -2.2499E+04 -1.0431E+07
  2.4010E-07 -8.6285E+05 -2.2671E+04 -1.0505E+07
  2.4030E-07 -8.6179E+05 -2.2842E+04 -1.0578E+07
  2.4050E-07 -8.6073E+05 -2.3014E+04 -1.0652E+07
  2.4070E-07 -8.5966E+05 -2.3186E+04 -1.0725E+07
  2.4090E-07 -8.5858E+05 -2.3358E+04 -1.0799E+07
  2.4110E-07 -8.5750E+05 -2.3530E+04 -1.0872E+07
  2.4130E-07 -8.5641E+05 -2.3703E+04 -1.0945E+07
  2.4150E-07 -8.5531E+05 -2.3875E+04 -1.1018E+07
  2.4170E-07 -8.5421E+05 -2.4047E+04 -1.1091E+07
  2.4190E-07 -8.5309E+05 -2.4220E+04 -1.1164E+07
  2.4210E-07 -8.5197E+05 -2.4392E+04 -1.1236E+07
  2.4230E-07 -8.5085E+05 -2.4564E+04 -1.1309E+07
  2.4250E-07 -8.4971E+05 -2.4737E+04 -1.1381E+07
  2.4270E-07 -8.4857E+05 -2.4910E+04 -1.1453E+07
  2.4290E-07 -8.4742E+05 -2.5082E+04 -1.1526E+07
  2.4310E-07 -8.4627E+05 -2.5255E+04 -1.1598E+07
  2.4330E-07 -8.4510E+05 -2.5428E+04 -1.1669E+07
  2.4350E-07 -8.4393E+05 -2.5601E+04 -1.1741E+07
  2.4370E-07 -8.4275E+05 -2.5774E+04 -1.1813E+07
  2.4390E-07 -8.4157E+05 -2.5947E+04 -1.1884E+07
  2.4410E-07 -8.4038E+05 -2.6120E+04 -1.1956E+07
  2.4430E-07 -8.3918E+05 -2.6293E+04 -1.2027E+07
  2.4450E-07 -8.3797E+05 -2.6466E+04 -1.2098E+07
  2.4470E-07 -8.3676E+05 -2.6639E+04 -1.2169E+07
  2.4490E-07 -8.3554E+05 -2.6813E+04 -1.2240E+07
  2.4510E-07 -8.3431E+05 -2.6986E+04 -1.2311E+07
  2.4530E-07 -8.3308E+05 -2.7160E+04 -1.2381E+07
  2.4550E-07 -8.3183E+05 -2.7333E+04 -1.2452E+07
  2.4570E-07 -8.3058E+05 -2.7507E+04 -1.2522E+07
  2.4590E-07 -8.2933E+05 -2.7680E+04 -1.2592E+07
  2.4610E-07 -8.2807E+05 -2.7854E+04 -1.2662E+07
  2.4630E-07 -8.2680E+05 -2.8028E+04 -1.2732E+07
  2.4650E-07 -8.2552E+05 -2.8201E+04 -1.2802E+07
  2.4670E-07 -8.2424E+05 -2.8375E+04 -1.2872E+07
  2.4690E-07 -8.2295E+05 -2.8549E+04 -1.2941E+07
  2.4710E-07 -8.2165E+05 -2.8723E+04 -1.3011E+07
  2.4730E-07 -8.2034E+05 -2.8897E+04 -1.3080E+07
  2.4750E-07 -8.1903E+05 -2.9071E+04 -1.3149E+07
  2.4770E-07 -8.1771E+05 -2.9245E+04 -1.3218E+07
  2.4790E-07 -8.1639E+05 -2.9419E+04 -1.3287E+07
  2.4810E-07 -8.1506E+05 -2.9593E+04 -1.3356E+07
  2.4830E-07 -8.1372E+05 -2.9767E+04 -1.3424E+07
  2.4850E-07 -8.1237E+05 -2.9942E+04 -1.3493E+07
  2.4870E-07 -8.1102E+05 -3.0116E+04 -1.3561E+07
  2.4890E-07 -8.0966E+05 -3.0290E+04 -1.3629E+07
  2.4910E-07 -8.0829E+05 -3.0464E+04 -1.3697E+07
  2.4930E-07 -8.0692E+05 -3.0639E+04 -1.3765E+07
  2.4950E-07 -8.0554E+05 -3.0813E+04 -1.3833E+07
  2.4970E-07 -8.0415E+05 -3.0988E+04 -1.3900E+07
  2.4990E-07 -8.0276E+05 -3.1162E+04 -1.3968E+07
